TIME	20170605_W01	20170605_W02	20170605_W03	20170605_W05	20180415_780_W02	20180415_780_W03	20180415_780_W05	20180421_DB_W02	20180421_DB_W03	20180421_DB_W05	20180421_DB_W06	20180421_NLO_W02	20180421_NLO_W03	20180421_NLO_W04	20180422_780_W02	20180422_780_W03	20180422_780_W05	20180429_DB_W02	20180429_DB_W03	20180429_DB_W04	20180429_DB_W05	20180505_780_W02	20180505_780_W03	20180505_780_W04
0	1619.628	1347.54	1315.091	2162.163	1493.682	1126.096	2777.67	1896.036	1258.231	1296.359	1414.495	1234.625	1117.31	1099.448	1472.098	1064.303	2040.676	3148.385	1648.192	1514.148	1291.827	1058.723	1126.402	723.534
1	1597.339	1332.331	1339.936	2243.406	1583.267	1150.391	2959.453	1967.648	1284.843	1260.04	1360.739	1232.281	1129.323	1114.831	1629.27	1126.782	2040.368	3123.244	1598.801	1582.317	1271.881	1036.07	1189.289	720.693
2	1609.98	1334.908	1391.699	2311.083	1668.773	1182.517	3124.999	2066.091	1302.757	1297.08	1347.341	1275.345	1135.873	1112.427	1930.456	1210.191	2093.224	3101.066	1607.17	1644.332	1271.741	1046.118	1214.576	747.546
3	1604.854	1327.946	1427.269	2369.175	1797.88	1243.08	3240.433	2178.213	1312.072	1367.302	1385.224	1282.619	1149.005	1134.115	2084.403	1298.773	2159.46	3124.415	1643.323	1693.916	1282.565	994.647	1221.684	742.393
4	1621.213	1323.532	1464.689	2419.398	1931.839	1268.832	3296.935	2295.385	1324.395	1426.627	1446.499	1307.305	1162.498	1122.766	2261.347	1446.014	2357.279	3189.564	1703.12	1758.019	1334.548	987.557	1256.102	745.852
5	1629.344	1313.419	1483.634	2446.601	2106.754	1323.16	3379.428	2397.65	1320.512	1483.241	1515.913	1402.484	1201.005	1131.971	2456.992	1542.291	2561.837	3291.312	1796.116	1820.998	1417.354	961.163	1289.37	737.618
6	1654.513	1318.095	1500.469	2467.21	2181.319	1359.644	3399.656	2521.195	1339.585	1577.707	1610.106	1532.187	1230.318	1151.57	2526.041	1621.579	2886.348	3452.451	1947.423	1939.379	1568.606	913.783	1298.034	721.754
7	1695.183	1330.421	1514.288	2471.801	2290.833	1423.917	3569.561	2626.347	1376.171	1663.504	1718.077	1702.899	1240.74	1151.394	2587.508	1662.197	3219.472	3698.291	2086.533	2090.273	1731.258	929.722	1355.88	720.171
8	1747.687	1359.361	1533.508	2481.89	2358.422	1499.213	3761.409	2714.915	1433.229	1765.83	1763.608	1916.655	1297.839	1141.041	2603.081	1630.266	3437.675	4046.135	2252.458	2272.46	1939.813	937.7	1380.553	718.644
9	1810.447	1384.952	1544.703	2514.856	2380.43	1509.79	4102.204	2843.372	1501.454	1838.414	1796.069	2124.006	1366.444	1174.086	2698.162	1616.688	3598.742	4475.917	2405.02	2489.706	2162.427	988.701	1463.568	725.04
10	1887.219	1424.851	1573.358	2632.737	2429.235	1500.268	4464.223	2959.418	1608.859	1919.696	1798.481	2269.382	1415.82	1201.674	2849.26	1624.379	3683.635	4917.546	2516.445	2751.1	2399.634	1041.227	1553.836	713.456
11	1959.693	1462.541	1607.325	2748.123	2440.067	1495.57	4821.455	3171.247	1734.767	1993.12	1798.26	2487.712	1445.562	1228.548	2986.452	1637.896	3704.891	5309.758	2612.974	2957.726	2567.121	1045.709	1642.105	714.213
12	2024.335	1496.036	1662.439	2869.594	2544.707	1506.327	5189.34	3436.784	1793.02	2076.849	1779.924	2708.159	1519.42	1279.443	3284.602	1716.112	3719.583	5633.614	2698.518	3282.069	2725.598	1111.427	1788.348	743.459
13	2104.979	1533.437	1742.012	3031.579	2619.978	1482.057	5314.25	3788.002	1870.12	2171.29	1802.944	2747.763	1556.9	1317.28	3550.766	1796.076	3672.201	5874.064	2763.638	3489.529	2851.289	1113.962	1875.671	736.671
14	2179.52	1580.24	1858.153	3131.006	2811.147	1499.497	5524.471	4173.657	1897.714	2292.453	1828.587	2769.03	1636.424	1332.387	3814.577	1948.925	3687.787	5967.889	2849.947	3630.826	2899.511	1116.164	2012.552	769.89
15	2240.253	1632.314	2016.48	3303.865	3017.094	1524.983	5470.049	4490.341	1910.967	2423.794	1870.807	2846.965	1733.388	1353.847	4109.112	2096.735	3877.47	5999.469	2942.541	3838.321	2978.046	1096.839	2103.363	781.667
16	2298.689	1654.097	2125.799	3325.68	3204.627	1599.527	5418.496	4784.203	1901.896	2551.234	1944.549	2888.612	1767.518	1337.076	4155.232	2170.714	4084.631	5970.983	3057.564	3921.455	2986.885	1076.761	2146.128	769.318
17	2341.047	1688.777	2226.012	3322.448	3487.688	1666.041	5409.592	5015.668	1884.269	2679.414	2056.34	2923.434	1857.6	1321.975	4217.245	2265.262	4510.596	5889.535	3226.1	3869.25	3007.196	1077.646	2238.132	779.918
18	2374.041	1702.84	2306.895	3304.045	3697.655	1710.711	5301.98	5166.092	1865.88	2798.813	2176.27	3121	1929.52	1307.708	4156.001	2300.283	4934.227	5898.039	3425.223	3877.156	3017.437	1051.306	2250.296	778.125
19	2420.22	1735.278	2390.215	3206.573	3946.363	1784.449	5409.903	5197.928	1851.082	2913.82	2301.96	3356.372	1960.342	1298.893	4136.975	2322.799	5402.307	5900.818	3670.962	3856.997	3080.959	1048.72	2262.603	778.235
20	2444.601	1767.412	2407.293	3215.043	4004.982	1796.004	5465.904	5118.13	1841.512	3014.943	2378.272	3653.953	2036.009	1286.403	4035.791	2300.603	5815.213	6028.516	3888.765	3899.229	3191.059	1050.932	2321.446	768.766
21	2490.912	1791.954	2441.843	3163.634	4138.962	1822.908	5908.028	5054.898	1868.673	3121.942	2437.699	4012.47	2110.745	1275.743	3942.09	2228.07	5917.181	6341.798	4122.125	4014.699	3409.908	1067.588	2390.698	765.11
22	2567.572	1831.332	2457.26	3173.107	4164.896	1845.427	6352.228	4974.811	1938.142	3154.014	2455.24	4227.688	2210.29	1260.129	3933.583	2187.893	6032.972	6786.04	4302.81	4210.179	3693.395	1101.736	2478.918	771.181
23	2688.33	1879.305	2465.594	3124.479	4106.508	1859.742	6932.659	4961.812	2009.118	3164.798	2443.582	4441.543	2340.188	1290.851	4087.179	2139.806	5915.6	7329.385	4372.872	4483.94	4033.933	1129.731	2541.283	766.809
24	2823.788	1950.47	2465.967	3227.795	4138.747	1880.35	7586.373	5056.849	2115.728	3174.625	2417.771	4477.654	2416.415	1302.179	4408.115	2162.276	5774.05	7891.821	4464.719	4895.96	4381.757	1194.458	2653.777	781.074
25	2963.591	2008.271	2487.881	3356.958	4122.056	1851.49	7960.158	5341.965	2238.858	3190.458	2401.144	4473.711	2527.887	1359.384	4961.699	2284.903	5801.066	8338.283	4485.214	5302.704	4665.687	1223.22	2856.02	806.159
26	3094.574	2059.795	2555.727	3467.44	4242.259	1953.416	8354.94	5755.219	2317.308	3240.697	2362.307	4419.672	2654.341	1412.225	5323.712	2341.588	5503.938	8564.115	4452.701	5582.74	4888.494	1240.911	2985.268	827.486
27	3218.772	2130.685	2681.13	3561.798	4342.331	1968.281	8369.92	6309.563	2359.414	3301.595	2365.664	4307.948	2709.236	1445.22	5743.178	2548.746	5560.841	8700.721	4460.637	5842.263	4977.886	1282.388	3154.715	855.417
28	3297.229	2184.563	2837.323	3831.229	4630.526	2039.058	8360.079	6822.267	2362.817	3367.645	2405.743	4258.367	2842.152	1487.653	5911.224	2688.84	5652.002	8683.745	4463.021	6067.717	4999.327	1265.999	3313.886	877.788
29	3360.627	2249.992	3023.17	3935.849	4902.364	2075.911	8128.754	7304.49	2361.45	3496.017	2500.158	4155.867	2913.088	1503.661	6032.595	2830.368	6055.134	8553.317	4503.799	6101.361	4972.885	1255.7	3406.575	888.887
30	3397.467	2277.637	3229.297	4086.595	5291.421	2148.372	8044.776	7559.639	2321.344	3612.059	2599.112	4224.169	2989.155	1505.07	6130.838	2984.47	6642.587	8342.826	4527.894	6064.586	4872.601	1251.881	3543.555	894.071
31	3412.127	2313.676	3418.326	4069.586	5682.166	2182.327	7838.628	7699.85	2261.902	3768.411	2737.559	4509.777	3138.629	1508.065	5818.23	2917.706	7046.757	8134.467	4660.488	5991.272	4786.92	1210.684	3591.773	890.269
32	3411.436	2342.36	3593.828	4056.457	5856.33	2161.807	7824.798	7639.269	2216.488	3935.472	2902.195	4844.868	3271.509	1476.664	5691.992	2889.526	7701.56	8014.438	4865.428	5877.494	4703.239	1205.559	3617.922	885.67
33	3389.725	2338.401	3670.647	4031.28	6158.95	2178.021	8054.163	7445.621	2185.307	4081.221	3078.486	5286.485	3418.713	1483.171	5404.901	2765.103	7807.45	7939.652	5078.469	5803.662	4686.089	1203.116	3707.212	892.774
34	3384.876	2341.128	3695.693	4019.587	6128.032	2136.946	8376.793	7206.062	2223.847	4211.679	3229.014	5713.999	3525.051	1458.594	5369.344	2711.344	8037.666	8072.862	5338.209	5824.019	4764.558	1203.955	3691.763	881.807
35	3414.677	2342.911	3700.324	3956.584	6232.309	2154.954	9030.778	6989.739	2276.296	4354.986	3342.466	5924.391	3647.123	1468.346	5536.125	2705.172	8119.517	8412.395	5607.437	6028.026	4983.878	1236.349	3767.519	901.906
36	3461.751	2369.52	3658.592	3918.007	6055.105	2126.417	9606.512	6864.935	2393.506	4469.001	3411.838	6068.214	3781.737	1492.343	5760.255	2626.894	7919.882	8885.053	5821.482	6226.326	5352.56	1280.866	3845.237	925.863
37	3540.033	2403.175	3639.591	3953.093	6036.602	2167.169	10361.727	6874.753	2533.217	4529.653	3425.515	6082.862	3945.138	1520.617	6471.923	2735.405	7866.045	9568.996	5902.781	6557.768	5822.215	1294.44	3932.931	934.17
38	3664.088	2451.898	3580.767	3989.782	6006.217	2216.039	10766.716	7171.395	2710.002	4559.26	3403.773	5901.737	4148.396	1583.792	7038.254	2784.831	7498.09	10158.378	5951.985	7036.898	6300.875	1377.448	4134.597	975.204
39	3786.819	2531.981	3566.684	4201.153	6038.322	2227.403	11073.041	7708.909	2859.958	4625.639	3348.037	5735.208	4381.11	1666.902	7802.712	2979.309	7412.023	10605.391	5928.073	7375.875	6778.848	1385.022	4220.548	993.27
40	3950.301	2627.064	3666.213	4312.612	6159.423	2355.577	11271.394	8393.974	2939.471	4667.874	3327.806	5620.076	4699.228	1741.565	8216.869	3181.133	7288.438	10902.063	5962.75	7755.664	7040.853	1420.641	4452.458	1042.979
41	4060.402	2708.75	3790.435	4497.699	6257.449	2370.66	11054.208	9084.729	2979.528	4802.191	3301.728	5495.295	5007.113	1799.1	8408.391	3386	7503.207	10892.534	5853.319	8047.095	7258.027	1443.679	4680.153	1073.269
42	4171.805	2764.327	3979.478	4653.381	6558.955	2412.833	10998.999	9718.634	2994.758	4900.269	3342.84	5413.697	5355.829	1869.163	8576.914	3595.29	7994.799	10851.681	5813.96	8194.942	7399.706	1411.646	4798.835	1094.283
43	4209.697	2796.908	4259.578	4900.873	6772.401	2376.123	10604.173	10202.556	2983.631	5022.644	3368.627	5550.064	5572.907	1877.871	8265.232	3589.261	8250.795	10627.291	5869.944	8347.716	7448.423	1424.184	5067.295	1140.976
44	4236	2844.505	4504.283	4926.448	7162.007	2362.666	10594.71	10407.546	2894.886	5112.336	3439.294	5880.552	5815.018	1890.912	7937.044	3603.896	8802.205	10200.944	5911.723	8353.146	7311.829	1388.677	5160.469	1129.509
45	4230.66	2853.347	4754.425	4976.666	7405.728	2343.271	10524.314	10418.357	2854.76	5195.865	3545.259	6311.841	5950.424	1861.012	7644.299	3536.276	9129.866	9900.343	5972.079	8331.041	7199.825	1387.527	5273.895	1154.475
46	4193.627	2847.506	4949.068	4887.44	7546.121	2317.539	10630.168	10314.178	2823.356	5323.753	3717.725	6882.219	6140.089	1834.379	7372.363	3521.06	9509.64	9657.373	6164.174	8242.752	7110.396	1385.84	5343.528	1155.241
47	4149.909	2863.065	5076.165	4954.768	7685.766	2344.4	11135.417	10054.087	2808.35	5469.051	3904.45	7360.8	6258.315	1835.157	7285.788	3511.531	9858.306	9526.532	6357.128	8114.267	7009.666	1376.917	5249.833	1165.579
48	4101.639	2838.208	5135.622	4758.689	7604.261	2348.697	11369.428	9757.296	2840.857	5609.722	4119.914	7703.127	6317.788	1816.596	7336.604	3425.119	9655.053	9607.796	6553.291	8234.456	6999.104	1401.857	5343.95	1194.454
49	4058.624	2834.229	5120.278	4742.292	7687.969	2446.24	11974.13	9395.209	2954.86	5750.722	4345.646	7817.989	6462.67	1851.698	7778.375	3460.41	9515.348	9918.304	6775.969	8334.123	7103.621	1388.904	5271.608	1195.318
50	4050.326	2826.449	5062.509	4716.672	7487.462	2513.097	12430.142	9179.241	3145.85	5942.816	4565.689	7954.257	6625.723	1897.112	8421.11	3503.377	9297.82	10380.442	7085.375	8571.566	7354.842	1427.075	5279.668	1224.822
51	4090.471	2844.868	4929.824	4736.422	7616.729	2640.479	13052.622	9178.661	3376.058	6026.088	4724.685	7721.621	6779.75	1936.541	9155.808	3654.815	9014.749	10891.699	7289.383	8906.521	7739.558	1488.513	5378.185	1275.549
52	4170.728	2860.471	4837.01	4816.604	7578.697	2749.875	13302.338	9464.878	3600.082	6132.071	4792.09	7421.638	7046.968	2034.818	9855.887	3880.868	8941.67	11415.838	7435.454	9219.346	8201.698	1493.256	5377.032	1294.089
53	4273.403	2920.589	4726.471	4821.214	7650.542	2860.567	13486.412	10051.121	3839.613	6228.81	4815.369	7296.125	7358.562	2117.932	10125.935	4017.203	8818.193	11807.557	7518.855	9499.418	8715.878	1566.887	5555.613	1366.573
54	4423.109	2988.436	4770.68	5112.028	7799.797	2929.297	13610.467	10719.337	3999.671	6332.361	4866.649	7032.291	7693.967	2174.151	10303.89	4202.33	8877.284	12056.593	7592.627	9761.684	9169.855	1578.735	5715.711	1402.867
55	4577.954	3043.504	4841.233	5351.603	7919.931	2928.338	13343.422	11431.927	4075.515	6401.199	4856.112	7012.344	7975.737	2183.923	10356.152	4449.192	9214.556	12185.887	7630.274	10058.503	9602.421	1629.46	5968.091	1451.385
56	4711.141	3115.864	4909.45	5430.157	8338.646	2988.149	13356.563	12073.635	4084.37	6507.774	4863.062	7178.734	8339.804	2214.23	9903.394	4496.004	9462.41	12125.338	7679.462	10325.965	9928.645	1676.073	6265.827	1519.102
57	4827.792	3169.834	5131.364	5523.987	8502.529	2926.341	13076.903	12674.688	4082.664	6677.335	4891.947	7465.867	8473.782	2224.335	9534.768	4557.57	9841.492	11929.422	7749.798	10541.41	10224.683	1660.019	6383.934	1507.965
58	4919.582	3243.596	5283.361	5541.052	8926.003	2945.176	13191.422	12998.276	4025.815	6751.457	4909.804	8012.562	8674.503	2230.393	9101.048	4546.096	10132.462	11607.113	7791.166	10771.803	10313.223	1727.818	6759.548	1559.112
59	4966.459	3314.324	5489.464	5711.245	9123.635	2934.057	13068.41	13036.745	3964.104	6810.552	4977.834	8542.736	8676.017	2169.911	8747.463	4600.112	10573.267	11333.777	7917.935	10816.923	10360.16	1742.37	6931.144	1565.932
60	4956.395	3358.846	5636.291	5750.084	9420.981	3008.39	13381.652	12885.714	3885.237	6818.804	5115.874	9096.36	8739.186	2173.769	8669.766	4556.428	10896.492	11019.146	8029.04	10702.896	10318.647	1738.087	7036.171	1588.189
61	4921.757	3372.732	5722.74	5812.229	9519.571	3102.491	13635.853	12568.414	3943.304	6940.548	5277.52	9403.981	8629.789	2166.879	8597.064	4528.849	10847.452	10893.417	8193.603	10702.879	10222.007	1761.224	7129.773	1607.816
62	4862.747	3377.033	5712.132	5783.395	9575.844	3242.783	14122.225	12115.041	3970.825	7032.863	5464.044	9742.301	8631.652	2181.925	8986.9	4587.065	11002.671	10942.381	8378.556	10724.343	10174.083	1770.972	7142.042	1644.333
63	4820.04	3376.163	5705.159	5735.952	9664.281	3451.718	14756.339	11842.61	4101.292	7067.995	5719.994	9844.437	8723.524	2261.062	9659.598	4673.994	10921.188	11283.7	8601.037	10931.086	10101.823	1811.139	7134.468	1660.764
64	4800.192	3363.147	5651.531	5768.971	9547.784	3560.351	14956.498	11553.968	4333.322	7089.699	5968.849	9653.121	8667.747	2302.616	10102.458	4656.484	10674.834	11772.669	8841.571	11131.264	10081.617	1778.748	7069.96	1681.155
65	4779.838	3412.344	5526.013	5764.93	9553.312	3778.36	15595.704	11466.142	4595.716	7076.128	6188.65	9670.994	8866.457	2404.574	10766.068	4841.338	10763.772	12217.231	9046.099	11458.416	10110.048	1857.243	7074.526	1732.551
66	4808.011	3454.74	5466.701	5824.651	9418.722	3797.196	15609.163	11587.577	4860.137	7112.607	6357.548	9514.104	9000.535	2502.498	11101.667	4948.757	10545.698	12671.185	9230.328	11812.775	10333.935	1850.454	7002.56	1756.908
67	4883.514	3456.108	5357.651	5929.759	9434.503	3855.547	15787.577	11960.448	5127.927	7129.951	6439.763	9266.064	9028.496	2535.396	11354.055	5090.92	10781.817	13059.886	9385.952	12230.152	10675.796	1943.037	7150.217	1819.742
68	5039.36	3521.657	5293.405	6046.1	9374.561	3762.312	15558.711	12393.73	5321.02	7206.049	6408.168	9265.965	9081.034	2576.773	11269.415	5248.976	10725.414	13382.593	9466.523	12464.714	10958.606	1986.963	7237.668	1856.558
69	5251.368	3563.29	5440.169	6174.923	9550.271	3756.192	15603.119	12938.065	5492.925	7261.979	6378.857	9226.127	9130.354	2624.464	11233.125	5449.951	11065.278	13530.086	9544.026	12844.599	11144.529	2064.165	7447.325	1903.003
70	5474.315	3664.714	5521.197	6028.145	9698.046	3685.29	15442.648	13425.92	5527.717	7350.614	6309.461	9596.477	9237.14	2638.019	11099.804	5656.983	11507.091	13438.39	9572.582	13082.693	11297.965	2132.169	7678.719	1939.849
71	5667.496	3781.59	5682.923	6377.55	9942.416	3652.325	15497.891	13657.453	5691.716	7343.27	6278.562	9946.291	9109.104	2628.417	10702.939	5727.244	11762.675	13333.016	9707.693	13146.968	11312.236	2151.989	7737.454	1923.221
72	5846.958	3851.131	5707.647	6525.915	10388.925	3804.981	15711.807	13812.192	5700.321	7355.184	6268.368	10384.398	8922.693	2603.637	10563.126	5887.945	12247.666	13156.948	9784.81	13181.324	11241.264	2199.573	8028.196	1991.259
73	5992.385	3971.118	5909.382	6547.655	10320.021	3856.004	15417.812	13892.059	5650.711	7417.973	6265.054	10941.444	8777.385	2576.127	10541.503	6074.348	12288.291	12923.833	9937.659	13103.012	11084.017	2210.066	8053.887	1967.413
74	6058.023	4042.631	5999.923	6637.767	10536.33	4065.606	15775.514	13717.025	5732.382	7473.33	6302.644	11474.212	8716.563	2570.764	10437.138	6065.317	12358.662	12787.189	10142.44	13017.836	10901.118	2222.208	8125.362	1997.146
75	6086.496	4066.163	6122.472	6584.931	10644.751	4260.387	15651.534	13460.878	5707.358	7401.464	6358.964	11939.556	8644.047	2612.26	10769.259	6252.422	12500.677	12665.053	10326.213	12950.076	10752.129	2229.379	8133.913	2025.801
76	6055.733	4045.055	6063.782	6675.323	10891.502	4591.245	15979.556	13146.354	5785.812	7467.314	6438.875	12332.161	8599.196	2698.765	10862.233	6200.854	12117.002	12684.677	10459.482	12945.48	10615.204	2237.436	8136.14	2076.521
77	6007.932	4035.793	6096.356	6508.026	10979.383	4694.914	16006.679	12760.586	5834.679	7398.528	6612.997	12403.277	8349.451	2742.384	11191.492	6343.789	12032.669	12886.592	10617.562	12925.073	10505.789	2289.247	8211.057	2129.35
78	5963.438	3987.186	6130.467	6441.052	11106.704	4795.201	16189.949	12510.719	6084.331	7443.954	6687.563	12391.604	8307.989	2838.051	11349.004	6359.011	11795.673	13156.584	10605.195	13074.967	10261.407	2273.162	8062.105	2182.081
79	5927.989	3922	6132.217	6542.295	11197.124	4823.124	16073.081	12494.477	6313.247	7443.066	6724.191	12553.317	8299.022	2946.364	11587.007	6448.841	11758.001	13600.34	10766.417	13227.351	10090.297	2319.541	8170.416	2234.597
80	5907.62	3976.232	6164.125	6226.6	11165.51	4752.623	15972.609	12586.92	6490.579	7387.499	6817.352	12424.288	8170.436	3005.43	11625.474	6531.148	11763.007	14070.542	10560.895	13404.547	10022.112	2279.297	8022.907	2269.833
81	5994.981	3991.534	6209.013	6658.313	11429.519	4740.712	15996.424	12851.635	6674.536	7323.454	6769.607	12479.253	8031.234	3072.145	11438.581	6565.619	11645.084	14463.896	10483.345	13777.369	9965.31	2340.417	8188.901	2342.527
82	6148.243	4061.723	6340.463	6602.773	11237.183	4552.069	15536.597	13099.81	6807.733	7334.861	6728.156	12478.08	7700.936	3041.717	11441.854	6637.591	11848.074	14800.805	10377.29	13939.16	9960.09	2319.122	8097.197	2359.819
83	6372.416	4107.249	6346.22	6681.597	11438.987	4567	15669.103	13405.518	6942.289	7262.357	6668.188	12465.458	7545.776	3023.715	11285.684	6771.78	12168.406	15014.083	10256.137	14145.001	9892.161	2351.604	8191.436	2406.896
84	6614.459	4197.417	6389.193	6584.951	11385.019	4590.823	15259.57	13710.456	7022.763	7279.729	6583.642	12795.947	7382.07	3031.814	11119.663	6779.431	12357.145	15128.372	10129.578	14207.964	9728.662	2369.315	8187.738	2411.425
85	6844.983	4265.37	6552.498	6577.758	11377.181	4676.012	15125.926	13811.054	7075.532	7226.161	6474.019	13112.355	7217.009	2969.105	11067.559	6874.823	12470.492	14984.952	10025.99	14106.376	9657.251	2300.921	7925.09	2362.784
86	7016.058	4354.662	6569.155	6677.733	11576.919	5004.386	15104.364	13708.887	7099.198	7180.921	6404.315	13201.562	7016.626	2929.377	10833.479	6791.104	12370.285	14727.089	9953.466	13914.868	9550.797	2334.217	7918.116	2414.811
87	7156.005	4393.444	6563.364	6672.465	11298.552	5164.147	15002.83	13563.229	7176.723	7111.783	6333.018	13414.804	6976.576	2992.92	10852.973	6838.596	12360.57	14338.016	9986.861	13658.038	9435.943	2294.754	7791.187	2407.552
88	7241.727	4410.707	6606.896	6548.267	11381.592	5540.893	15110.771	13287.894	7317.317	6974.485	6247.808	13646.619	6866.305	2983.262	10917.463	6918.465	12321.134	14226.32	9955.839	13424.598	9301.58	2282.32	7735.119	2427.423
89	7212.652	4418.25	6580.335	6571.768	11094.515	5614.6	14776.684	13102.21	7444.734	6893.452	6183.201	13693.872	6785.708	3090.782	10844.935	6819.753	11949.875	14047.02	9975.395	13227.479	9180.483	2255.578	7559.669	2426.646
90	7161.125	4356.969	6534.961	6425.83	11187.912	5804.431	14855.843	12774.798	7423.412	6800.416	6163.38	13750.992	6763.944	3183.204	10862.264	6823.673	11892.923	14020.319	9859.784	13050.887	8995.872	2250.372	7496.035	2495.265
91	7058.847	4321.111	6588.758	6422.206	11088.175	5806.486	14518.692	12427.053	7540.9	6706.498	6136.206	13472.729	6715.431	3289.807	10777.003	6787.93	11625.695	14142.047	9800.688	12941.05	8862.145	2218.668	7396.084	2523.798
92	6974.488	4263.7	6585.087	6397.313	11091.342	5773.331	14414.703	12209.315	7633.578	6570.716	6051.384	13584.222	6721.053	3386.384	10805.338	6761.149	11408.931	14304.255	9632.981	12886.577	8635.708	2203.829	7384.46	2575.33
93	6849.718	4184.506	6580.075	6306.021	11097.604	5637.384	14008.525	11977.916	7619.141	6489.196	6023.612	13455.311	6568.928	3448.568	10771.246	6836.379	11446.014	14570.732	9517.556	12900.862	8469.33	2210.362	7408.176	2654.543
94	6775.007	4125.341	6626.304	6308.07	10991.666	5389.745	13699.408	11896.751	7761.715	6378.871	6011.116	13174.494	6481.041	3455.351	10550.621	6768.821	11258.492	14765.177	9332.723	13027.688	8312.331	2193.039	7280.252	2672.953
95	6727.168	4153.084	6554.97	6275.839	11066.697	5291.165	13459.598	11951.747	7832.563	6300.488	5923.903	13037.637	6433.899	3493.144	10298.49	6754.083	11223.573	15183.191	9127.781	13155.965	8181.625	2205.643	7363.349	2700.349
96	6715.414	4187.278	6653.103	6241.667	10897.331	5161.991	13180.366	12013.776	7842.338	6242.19	5772.859	12967.43	6306.222	3451.539	10146.724	6731.266	11179.772	15527.42	8994.007	13159.697	8004.379	2167.796	7267.163	2696.928
97	6790.358	4230.584	6697.246	6148.588	10804.643	5298.051	13013.649	12067.143	7860.804	6225.72	5676.233	12748.996	6333.444	3444.875	9922.092	6686.418	11184.381	15582.246	8845.332	13174.588	7800.891	2170.934	7276.07	2698.136
98	6852.602	4290.385	6681.65	6223.99	10570.951	5394.551	12689.117	12066.952	7872.932	6186.785	5524.409	12754.207	6286.69	3422.156	9812.478	6667.405	11175.786	15617.928	8737.167	13033.172	7631.307	2139.257	7106.312	2658.828
99	6973.978	4333.547	6730.862	6278.291	10446.787	5667.206	12632.701	11940.123	7909.261	6143.472	5430.011	12695.141	6308.592	3394.565	9537.273	6541.794	11028.371	15631.844	8611.718	12878.606	7413.136	2099.413	6999.194	2654.795
100	7040.053	4386.329	6894.338	6080.829	10326.257	5972.368	12483.305	11703.283	8064.882	6025.6	5318.489	12383.352	6203.911	3385.101	9429.45	6465.148	10905.466	15377.079	8480.85	12651.342	7213.601	2061.599	6869.963	2625.808
101	7105.548	4397.268	6759.129	5911.297	10044.126	6110.757	12160.225	11517.181	8113.223	5953.054	5211.408	12275.747	6285.735	3449.062	9395.921	6386.229	10687.366	15119.711	8385.009	12391.258	7041.135	2008.888	6691.624	2610.813
102	7098.732	4351.751	6725.542	5925.72	10029.109	6274.666	12055.13	11191.698	8179.133	5877.174	5129.416	12003.114	6200.814	3486.897	9225.157	6249.962	10371.869	14818.67	8307.277	12124.594	6863.585	1990.829	6629.325	2635.526
103	7017.826	4274.16	6782.897	5723.077	9849.34	6254.645	11676.522	10947.212	8186.235	5807.418	5100.214	11928.193	6197.548	3561.84	9272.739	6178.384	10164.073	14653.563	8166.002	11889.391	6694.998	1964.309	6543.625	2672.428
104	6955.167	4170.918	6697.665	5540.931	9885.625	6270.881	11561.578	10629.643	8241.784	5687.773	5037.309	11681.76	6245.323	3726.806	9192.69	6095.024	9891.611	14443.965	8002.29	11673.77	6514.882	1916.408	6446.968	2705.158
105	6864.314	4095.197	6637.647	5539.426	9866.989	6123.049	11200.889	10361.623	8062.21	5553.574	4994.699	11251.129	6235.073	3731.51	9012.727	6024.76	9653.854	14343.152	7873.068	11470.665	6345.931	1888.445	6434.843	2744.076
106	6715.269	4032.007	6551.694	5464.35	9792.819	5885.483	10967.693	10109.644	7981.351	5443.003	4978.27	11059.089	6280.188	3844.806	8950.653	6011.363	9698.13	14434.146	7705.397	11395.278	6234.871	1855.371	6373.704	2772.801
107	6583.044	3960.993	6555.545	5365.665	9861.664	5788.508	10793.09	9959.358	7969.25	5376.098	4969.64	10987.769	6347.398	3871.69	8757.71	5945.633	9530.11	14502.964	7563.389	11379.299	6138.82	1831.913	6379.328	2817.2
108	6495.807	3982.351	6464.593	5448.007	9739.056	5604.476	10422.06	9799.426	7937.774	5299.999	4911.603	10523.992	6259.805	3825.246	8655.636	5898.232	9346.391	14612.035	7441.959	11360.611	5986.794	1781.951	6360.923	2825.311
109	6443.898	3993.954	6500.222	5477.314	9785.856	5685.489	10354.773	9735.428	7841.231	5318.277	4860.196	10351.005	6281.208	3851.628	8526.834	5889.023	9162.027	14727.063	7297.648	11345.555	5828.684	1773.147	6343.84	2850.69
110	6325.325	4000.941	6453.862	5447.876	9516.855	5709.013	10024.469	9761.579	7805.943	5278.634	4791.377	10090.706	6289.351	3784.635	8339.639	5861.291	9149.276	14817.262	7142.84	11362.446	5692.596	1725.944	6256.562	2835.354
111	6229.317	4006.39	6428.437	5351.964	9428.166	5952.041	9951.666	9631.822	7734.336	5234.482	4690.176	9668.552	6379.227	3696.195	8209.675	5869.404	9114.54	14847.157	7032.408	11271.421	5525.08	1675.834	6085.038	2808.381
112	6088.087	4022.377	6349.742	5316.473	9219.779	6195.235	9870.068	9541.179	7605.866	5199.796	4576.714	9344.169	6442.117	3712.5	7953.759	5708.252	8785.139	14733.444	6949.14	11165.953	5352.222	1667.014	6080.96	2840.242
113	6019.501	4053.119	6295.987	5359.511	9038.519	6305.58	9603.46	9373.264	7624.61	5159.391	4480.253	9280.167	6586.453	3738.479	7896.082	5710.006	8700.838	14591.95	6819.209	11007.209	5232.444	1617.271	5926.804	2792.468
114	5982.421	4040.745	6417.373	5225.93	8944.531	6525.922	9478.479	9228.812	7616.266	5155.72	4434.923	8925.178	6492.818	3712.952	7851.98	5694.396	8539.776	14283.606	6710.821	10764.278	5084.212	1601.88	5843.549	2817.16
115	5886.036	4021.819	6332.64	5101.72	8711.18	6490.46	9159.097	9075.654	7587.641	5101.357	4370.954	8681.188	6576.595	3846.135	7612.643	5536.646	8164.352	13927.384	6591.953	10492.873	4975.503	1573.995	5774.323	2800.21
116	5861.573	4006.87	6401.183	5048.666	8741.052	6578.458	9077.254	8859.431	7604.914	5056.827	4324.099	8554.942	6472.969	3859.088	7469.468	5533.567	8030.681	13703.547	6497.666	10261.648	4905.663	1553.755	5636.368	2799.777
117	5692.49	3916.191	6251.569	4937.024	8590.36	6422.931	8757.876	8601.208	7692.682	4963.824	4342.933	8302.3	6344.805	3978.49	7293.9	5498.57	7856.54	13404.736	6418.072	10027.253	4821.715	1507.905	5615.733	2812.016
118	5630.931	3906.717	6207.17	4922.635	8514.707	6267.052	8572.751	8422.645	7740.608	4901.171	4372.963	8216.317	6471.022	4092.122	7234.752	5552.224	7736.794	13163.695	6299.094	9823.938	4754.804	1467.712	5513.641	2787.393
119	5502.436	3840.483	6107.43	4801.537	8443.19	6116.086	8367.815	8237.653	7725.145	4849.984	4391.04	8130.433	6523.746	4094.128	7103.776	5541.531	7671.318	12933.933	6181.828	9694.459	4745.306	1463.078	5580.273	2854.483
120	5371.349	3751.055	5944.448	4701.766	8245.231	5889.797	8080.885	8044.671	7604.13	4770.848	4421.705	7909.965	6552.98	4071.977	6948.823	5452.997	7456.371	12733.099	6124.428	9552.236	4702.734	1443.526	5545.064	2862.656
121	5252.237	3679.923	5881.39	4643.721	8303.686	5876.201	8058.818	7921.743	7528.712	4707.226	4426.977	7750.636	6655.38	4132.728	6878.909	5572.267	7459.939	12593.173	6090.298	9446.093	4702.266	1431.283	5544.008	2881.004
122	5169.55	3642.745	5797.731	4615.136	8110.678	5872.715	7881.044	7778.647	7371.294	4663.128	4412.817	7734.125	6794.323	4091.27	6819.108	5568.498	7454.822	12526.118	6044.327	9450.448	4681.069	1400.958	5504.9	2863.511
123	5114.045	3609.282	5711.176	4605.554	8095.662	6083.724	7907.612	7653.513	7256.261	4619.449	4422.876	7476.324	6783.947	4075.812	6579.408	5476.591	7173.567	12420.004	5975.68	9366.733	4601.37	1364.843	5403.869	2848.701
124	5042.782	3609.31	5596.936	4573.725	7926.771	6270.089	7745.837	7546.516	7147.153	4616.898	4365.448	7377.556	7077.389	4057.706	6517.695	5495.644	7138.612	12332.468	5973.456	9282.173	4571.74	1343.09	5360.417	2838.307
125	4991.908	3631.785	5641.461	4547.435	7788.8	6413.609	7763.017	7431.696	7090.14	4617.563	4301.784	7165.147	6847.367	4013.005	6528.231	5565.933	7040.184	12213.027	5908.058	9162.391	4520.258	1316.851	5230.803	2811.183
126	4939.16	3618.749	5566.942	4443.588	7769.136	6592.438	7731.655	7327.053	7037.057	4646.344	4216.345	6963.607	6918.358	4002.531	6256.705	5394.465	6806.433	12036.142	5830.923	9027.049	4451.688	1295.07	5186.144	2827.06
127	4893.62	3614.213	5603.225	4451.149	7566.874	6555.471	7553.841	7229.962	7046.767	4620.223	4164.553	6894.36	6955.193	4060.878	6253.952	5486.67	6802.396	11750.238	5752.347	8842.283	4373.014	1264.277	5075.446	2812.743
128	4825.636	3623.75	5610.766	4348.378	7557.752	6648.647	7484.869	7105.216	7057.29	4606.99	4144.598	6673.76	6884.098	4077.471	6067.4	5422.149	6559.202	11513.516	5667.693	8646.315	4298.954	1252.053	5050.458	2828.762
129	4809.336	3606.395	5588.738	4242.414	7426.371	6480.161	7331.98	6976.071	7086.996	4602.209	4144.652	6544.286	6838.498	4103.213	6066.072	5507.725	6526.019	11197.707	5607.933	8415.229	4195.423	1223.643	4969.428	2818.677