TIME	20180119_W02	20180119_W03	20180119_W04	20180119_W05	20180127_DB_W02	20180127_DB_W03	20180127_DB_W04	20180127_DB_W05	20180518_W02	20180518_W03	20180518_W04	20180518_W05	20180518_W06	20180519_W07	20180519_W02	20180519_W03	20180519_W04	20180519_W05	20180519_W06	20180519_W07
0	3555.424	2265.727	2541.548	3985.799	1295.935	962.97	790.98	1162.551	1431.147	2944.131	1771.968	1899.721	2249.28	2901.184	1519.071	2119.539	2501.796	1075.385	1440.547	1580.859
1	3568.857	2333.106	2541.698	4039.263	1319.711	981.791	809.433	1172.342	1525.467	2953.735	1753.867	2056.796	2369.358	3081.654	1529.127	2222.253	2515.597	1063.235	1528.325	1666.159
2	3532.981	2338.486	2511.386	4166.5	1344.206	1007.033	827.956	1184.747	1693.64	3044.913	1808.975	2307.116	2542.437	3240.577	1556.881	2370.083	2542.84	1079.249	1633.363	1750.246
3	3562.177	2318.317	2534.368	4282.998	1388.049	1039.689	860.888	1192.236	1859.914	3130.154	1856.166	2620.592	2788.082	3396.785	1580.198	2547.658	2619.242	1062.792	1725.726	1829.891
4	3654.236	2271.677	2556.591	4462.358	1424.958	1085.78	903.869	1226.36	2032.849	3247.405	1897.088	2922.243	3074.324	3566.519	1605.286	2742.103	2756.522	1055.157	1819.065	1898.36
5	3710.022	2260.723	2673.28	4842.773	1487.494	1145.582	946.897	1271.232	2092.333	3387.56	1958.698	3187.854	3359.105	3670.217	1634.211	2930.788	2957.231	1057.062	1926.755	1966.453
6	3785.725	2240.757	2710.947	5237.229	1560.969	1197.783	982.119	1325.911	2205.003	3675.968	2097.073	3374.533	3529.783	3716.831	1648.469	3084.138	3209.024	1089.981	1951.31	2047.083
7	3828.225	2261.405	2754.064	5752.479	1637.367	1273.615	1029.228	1405.898	2259.564	4024.335	2299.612	3515.973	3774.773	3929.582	1622.849	3170.446	3531.193	1136.556	2032.327	2135.012
8	3894.343	2298.769	2781.088	6308.237	1729.862	1370.989	1044.617	1499.693	2293.039	4327.472	2513.971	3542.798	3851.353	4150.311	1633.15	3207.794	3815.987	1171.343	2104.795	2187.593
9	3895.451	2362.295	2826.329	6972.841	1832.497	1488.604	1068.121	1612.202	2320.966	4610.941	2810.1	3577.98	4003.603	4599.602	1594.965	3225.99	4021.818	1224.441	2239.616	2247.818
10	3962.897	2446.056	2816.1	7434.239	1918.202	1589.015	1069.361	1697.234	2421.457	4777.74	3073.955	3563.005	4033.386	5081.047	1575.583	3183.19	4131.706	1281.799	2471.998	2352.708
11	3992.625	2467.464	2746.212	7826.19	2025.522	1695.333	1076.369	1777.872	2643.394	5018.316	3344.597	3525.24	4027.741	5611.812	1557.629	3197.818	4153.128	1369.49	2739.516	2486.408
12	4028.63	2493.987	2733.694	8179.017	2076.309	1748.501	1081.389	1838.842	2844.589	4996.693	3561.382	3657.479	4160.007	6109.009	1582.014	3222.644	4107.539	1445.764	3011.764	2678.763
13	4118.925	2520.138	2763.395	8421.279	2178.04	1834.808	1129.138	1905.546	3163.903	5010.615	3670.782	3825.07	4298.999	6569.301	1603.562	3283.637	3980.852	1484.274	3271.421	2884.558
14	4124.156	2506.948	2787.961	8591.302	2229.348	1881.223	1167.836	1938.316	3440.371	4992.479	3778.966	4206.235	4603.609	6821.259	1654.382	3451.161	3893.943	1538.891	3485.093	3170.718
15	4229.029	2494.582	2833.467	8684.016	2219.033	1876.047	1204.711	1940.63	3676.685	4908.567	3793.428	4700.159	4930.744	6931.921	1700.538	3651.836	3844.506	1628.632	3650.913	3422.891
16	4411.464	2485.799	2897.192	8807.378	2148.459	1791.709	1175.55	1870.015	3847.477	4975.145	3859.719	5175.055	5260.909	6818.608	1762.48	3889.265	3891.148	1760.506	3785.727	3678.654
17	4497.709	2404.89	2953.823	9042.496	2136.762	1770.063	1207.949	1829.641	3879.321	5102.138	3898.102	5573.642	5661.987	6791.405	1798.332	4139.911	4098.379	1855.849	3823.566	3911.786
18	4719.721	2383.747	3062.713	9563.812	2143.502	1758.201	1245.435	1829.086	3901.113	5329.272	3898.433	5767.467	5953.278	6667.726	1844.284	4344.44	4438.922	1993.712	3845.819	4106.276
19	4900.821	2373.362	3167.444	10421.305	2168.123	1781.815	1279.226	1836.679	3784.135	5609.748	3877.779	5808.261	6114.305	6633.871	1877.284	4538.77	4827.737	2158.051	3832.26	4260.865
20	5250.352	2428.236	3265.268	11280.696	2216.441	1820.48	1296.232	1855.021	3740.686	6079.729	4024.391	5872.762	6183.451	6761.578	1859.385	4559.045	5179.843	2380.709	3854.575	4394.033
21	5549.143	2482.718	3253.812	12063.689	2276.006	1895.782	1301.526	1902.478	3707.152	6504.604	4132.2	5702.752	6112.795	7027.73	1828.889	4481.204	5400.73	2619.352	3923.658	4459.282
22	5741.885	2532.578	3285.234	12869.656	2364.154	2000.486	1294.918	1968.4	3726.838	6963.398	4437.625	5599.916	6090.768	7439.28	1797.852	4429.786	5549.876	2899.502	4094.125	4576.814
23	6027.817	2614.956	3273.336	13383.709	2472.614	2102.824	1288.46	2045.344	3804.577	7195.784	4574.32	5430.897	5979.308	8126.978	1771.791	4354.462	5579.81	3162.135	4347.849	4674.504
24	6245.126	2711.231	3294.826	13659.729	2586.896	2199.544	1275.798	2133.624	4077.692	7363.062	4790.972	5466.438	6028.871	8835.879	1733.65	4230.429	5474.891	3321.347	4540.307	4644.676
25	6433.111	2770.311	3307.689	13536.971	2643.278	2257.74	1263.667	2200.097	4406.299	7429.888	5069.972	5685.085	6140.755	9343.297	1741.746	4259.713	5349.641	3502.216	4962.945	4985.17
26	6548.455	2753.671	3354.541	13339.884	2713.499	2287.635	1262.839	2265.791	4846.174	7519.284	5306.929	6222.472	6377.889	9689.841	1768.689	4307.426	5228.659	3605.778	5231.606	5239.915
27	6601.08	2747.697	3500.007	13195.655	2743.885	2279.209	1261.309	2280.7	5149.629	7426.183	5503.676	6853.528	6746.723	9784.118	1794.645	4511.346	5170.33	3603.317	5371.8	5592.993
28	6796.358	2772.802	3692.283	13020.237	2809.86	2309.199	1338.859	2366.714	5472.616	7324.108	5681.702	7590.551	7244.745	9760.802	1850.444	4734.163	5139.171	3517.718	5307.875	5856.587
29	6931.623	2728.028	3817.153	12763.188	2802.094	2274.897	1389.091	2363.884	5601.979	7289.266	5856.902	8202.309	7778.633	9722.862	1896.841	5112.754	5458.237	3588.772	5320.093	6309.463
30	7120.675	2683.807	3968.469	12990.129	2787.219	2250.309	1423.249	2367.412	5572.414	7349.251	5958.456	8441.785	8074.227	9317.774	1944.999	5449.27	5877.626	3594.05	5228.664	6587.839
31	7405.566	2667.571	4064.868	13603.875	2750.198	2173.172	1413.327	2283.691	5540.914	7494.389	6100.512	8625.526	8537.413	9163.165	1942.938	5686.196	6379.717	3624.156	5093.138	6829.657
32	7701.604	2680.821	4142.329	14493.789	2742.837	2176.126	1427.46	2265.952	5341.635	7706.82	6132.646	8492.1	8793.369	9034.319	1952.202	5823.598	6827.963	3786.503	4930.153	6958.959
33	8261.545	2778.28	4218.673	15372.777	2764.675	2212.534	1447.12	2254.083	5246.395	8232.196	6394.494	8315.957	8872.327	9053.359	2034.998	6168.303	7351.993	4177.099	4908.707	7147.476
34	8832.825	2856.382	4217.342	16374.292	2837.427	2314.742	1448.879	2292.599	5057.034	8760.041	6569.548	8090.396	8919.673	9520.824	2026.989	6221.456	7538.742	4498.244	4896.096	7188.483
35	9463.215	3021.218	4244.203	16955.621	2919.152	2442.376	1453.296	2319.026	5029.086	9132.059	6726.666	7841.516	8567.758	9894.511	2040.998	6167.376	7604.482	4837.627	5061.145	7256.79
36	9951.556	3095.305	4180.967	17073.424	3034.062	2608.055	1447.696	2406.843	5090.075	9540.333	7040.64	7697.258	8489.365	10635.56	2051.99	6094.309	7522.61	5160.243	5392.392	7345.979
37	10273.486	3151.31	4188.261	16966.197	3144.959	2743.996	1438.095	2500.738	5331.539	9864.046	7240.426	7762.918	8358.641	11202.643	2116.899	6029.659	7309.301	5327.707	5827.293	7456.596
38	10420.55	3222.545	4269.583	16998.959	3264.652	2875.649	1428.891	2609.095	5773.731	10271.462	7653.203	8259.225	8495.292	11689.585	2178.136	6022.066	7089.044	5430.247	6226.928	7570.833
39	10465.476	3267.123	4320.783	16571.824	3365.952	2943.389	1408.404	2708.511	6133.622	10298.604	7828.838	8900.771	8686.552	12250.622	2240.907	6099.812	7013.649	5448.066	6741.067	7840.099
40	10521.461	3281.589	4518.006	16255.786	3460.07	2972.131	1408.096	2824.217	6680.408	10284.993	7809.823	9610.116	8751.111	12177.729	2303.402	6260.831	6909.569	5376.761	6979.14	8012.013
41	10700.168	3281.197	4678.686	15902.38	3528.917	2946.149	1406.349	2933.92	7187.897	10270.929	7744.057	10312.703	9069.864	12267.121	2435.932	6643.845	7136.68	5376.589	7252.457	8384.436
42	10816.405	3259.96	4764.727	15630.574	3566.371	2886.754	1408.373	2990.206	7463.992	10141.659	7624.638	10716.104	9333.126	12136.967	2470.201	6873.7	7391.027	5238.884	7203.967	8542.726
43	10722.033	3253.794	4829.186	15821.357	3642.196	2884.289	1485.346	3100.64	7743.116	10400.141	7565.627	10991.525	9500.005	11768.92	2572.926	7317.881	8049.532	5279.152	7268.279	8944.563
44	11129.752	3245.612	4871.394	16344.53	3681.655	2829.222	1511.407	3133.502	7816.816	10616.363	7524.278	11213.934	10007.211	11736.742	2620.224	7630.695	8622.455	5340.937	7087.212	9158.937
45	11370.391	3237.984	4890.301	17251.594	3683.563	2815.688	1545.852	3163.954	7569.713	10713.26	7422.255	11066.596	9984.788	11191.724	2681.386	7910.741	9056.169	5428.308	6807.16	9120.486
46	11902.291	3330.839	4867.356	18144.268	3678.482	2762.671	1496.061	3116.877	7455.469	11157.469	7439.783	10839.57	10184.077	11250.294	2736.516	8017.964	9449.751	5853.204	6804.674	9494.5
47	12421.641	3446.462	4810.492	18710.518	3724.253	2808.489	1502.67	3079.816	7351.916	11575.682	7521.534	10462.717	10048.89	11264.633	2823.452	8021.679	9491.648	6186.613	6669.793	9513.516
48	13019.606	3620.455	4747.321	19174.967	3759.268	2871.075	1510.364	3116.646	7303.488	12304.55	7916.664	10400.38	10054.65	11596.93	2906.409	7789.804	9295.165	6516.283	6670.827	9517.872
49	13356.933	3792.588	4734.784	19545.893	3819.147	2998.565	1524.92	3129.483	7367.79	12740.532	8218.708	10399.654	10167.066	12515.297	3122.534	7995.538	9272.322	7074.311	7016.59	9673.688
50	13562.441	4011.43	4836.131	19918.895	3896.482	3144.956	1506.227	3179.914	7419.591	12846.7	8533.585	10471.408	10111.753	13196.829	3274.833	7945.733	8981.041	7366.148	7346.77	9666.343
51	13498.924	4205.004	4944.39	19861.588	3997.919	3307.545	1501.323	3283.004	7836.168	13149.071	9051.922	10974.887	10283.851	13752.84	3380.731	7845.217	8689.118	7534.783	7717.327	9427.897
52	13642.27	4358.716	5103.389	19848.09	4082.601	3412.653	1496.545	3364.107	8209.232	13116.03	9357.886	11504.684	10337.253	14452.937	3503.829	7895.937	8538.968	7678.374	8404.559	9482.392
53	13706.159	4443.38	5231.17	19423.092	4217.022	3471.657	1505.658	3448.234	8781.348	13439.705	9694.433	12304.793	10497.953	14721.413	3593.988	8002.387	8475.178	7706.121	8925.719	9618.239
54	13270.702	4345.583	5243.362	19110.4	4368.001	3503.681	1510.599	3514.186	9145.906	13513.058	9943.024	13256.899	10974.262	15090.646	3681.336	8313.438	8736.433	7757.056	9257.787	9390.578
55	13264.536	4361.175	5344.024	19038.836	4494.508	3484.922	1513.513	3536.161	9386.239	13231.896	10105.243	13993.805	11295.23	15204.679	3725.062	8549.552	9134.381	7733.773	9663.498	9714.234
56	13061.168	4222.234	5341.104	19420.963	4586.575	3416.062	1513.791	3564.679	9618.053	13311.474	9974.824	14293.847	11392.731	14990.589	3712.588	8837.844	9593.343	7688.168	9695.29	9782.451
57	13050.724	4232.384	5401.682	20041.934	4683.73	3333.807	1513.488	3567.657	9551.025	13111.224	9820.186	14425.336	11415.235	14838.581	3767.759	9044.061	9873.882	7572.332	9481.825	9851.982
58	13040.468	4229.826	5351.602	20603.137	4803.104	3328.726	1587.227	3628.068	9710.761	13347.76	10030.46	14507.178	11546.119	14566.194	3795.087	9183.54	10515.146	7942.585	9627.033	10440.5
59	13344.636	4345.952	5324.979	21273.75	4868.222	3301.198	1619.396	3636.74	9847.71	13380.106	10119	14537.895	11644.021	14844.852	3807.824	9210.841	10734.764	8177.697	9600.44	10883.03
60	13581.9	4511.011	5326.144	22012.162	4949.209	3303.207	1646.088	3640.696	9716.858	13226.414	10229.872	14189.363	11265.533	14827.621	3819.358	9087.786	10675.415	8409.824	9399.146	11083.807
61	13754.648	4626.264	5292.817	22755.955	4966.019	3319.712	1621.001	3558.044	9704.027	13304.129	10503.788	14240.628	11109.204	14776.077	3890.768	9158.143	10661.938	8805.904	9331.376	11344.211
62	14205.698	4849.518	5369.594	23198.623	5034.812	3366.586	1642.602	3575	9570.376	13091.329	10701.869	14147.068	10937.028	15079.285	3873.405	8954.715	10468.571	9042.423	9210.007	11516.083
63	14326.324	4989.655	5420.51	23457.84	5119.125	3473.523	1666.575	3586.167	9833.709	13232.173	11135.624	14221.333	10780.787	15420.407	3778.124	8623.265	9944.857	9148.224	9099.509	11463.578
64	14230.721	5162.342	5555.209	23721.996	5195.452	3618.022	1682.343	3601.442	9898.734	13107.755	11531.933	14690.829	10984.764	15997.444	3876.182	8789.152	10011.509	9616.828	9524.979	11523.548
65	14058.703	5313.884	5699.975	24070.453	5201.056	3748.544	1694.881	3611.371	9796.021	12709.519	11700.873	15077.07	11137.178	16367.121	3826.047	8806.893	9952.435	9661.61	9671.016	11549.118
66	13937.436	5440.335	5836.62	23901.281	5303.644	3937.149	1699.717	3651.204	9958.615	12657.653	11999.735	15267.544	11102.679	16189.158	3749.981	8680.427	9759.979	9504.969	9683.356	11257.865
67	13735.71	5514.059	5948.087	23945.035	5327.587	4074.406	1685.6	3656.727	9814.212	12253.43	12038.945	15743.822	11439.971	16395.584	3744.159	8888.247	10278.311	9708.809	10161.916	11392.767
68	13467.987	5524.09	5942.984	23732.09	5353.858	4161.042	1693.547	3630.131	9849.502	12163.422	12190.108	16009.527	11781.759	16039.928	3687.085	8948.48	10502.468	9596.558	10253.609	11171.579
69	13268.254	5542.754	5895.942	23745.861	5312.378	4201.465	1677.578	3573.44	9768.884	11990.089	12213.054	16230.132	12058.296	15898.218	3574.48	8882.913	10772.605	9466.484	10172.912	11027.132
70	12997.542	5466.479	5898.462	24511.67	5357.742	4220.11	1669.076	3504.944	9510.553	11493.712	12023.729	16211.274	12343.881	15862.542	3598.445	9051.747	11352.746	9538.784	10279.204	11204.159
71	12944.531	5466.023	5919.763	24889.09	5334.942	4207.063	1677.025	3450.606	9276.132	11164.698	12041.183	16094.271	12323.026	15292.471	3539.021	9057.458	11778.41	9566.685	10099.337	11280.104
72	13293.565	5482.799	5925.184	25277.803	5359.584	4180.235	1681.562	3386.554	9303.308	10950.96	12050.213	16017.092	12266.982	14887.499	3380.929	8726.135	11926.519	9453.431	9846.62	11419.333
73	13585.904	5704.307	6131.213	26210.936	5381.328	4223.828	1759.108	3385.357	9111.075	10573.167	12226.994	16126.678	12296.604	14964.545	3423.096	8926.177	12427.687	9674.152	9509.155	11561.031
74	14009.793	5887.735	6246.206	26641.803	5397.522	4268.265	1798.626	3357.047	8864.308	10107.761	12260.687	16003.312	12239.116	14966.389	3349.98	8750.484	12492.868	9888.917	9571.524	12084.007
75	14232.971	6042.63	6306.686	26917.439	5394.599	4328.362	1848.424	3327.911	8870.369	9799.709	12249.836	15697.697	11864.271	14928.893	3259.636	8632.526	12410.989	10031.227	9457.252	12312.886
76	14495.334	6143.1	6388.577	26927.721	5358.423	4351.665	1827.148	3252.181	8618.686	9409.836	12355.124	15596.994	11711.179	14783.103	3143.688	8389.954	12247.533	9990.042	9292.719	12439.883
77	14509.323	6192.572	6431.485	26900.408	5373.355	4437.089	1861.385	3219.234	8522.226	9125.312	12299.198	15415.842	11582.938	14823.67	3125.497	8349.726	12366.601	10126.942	9179.945	12505.781
78	14640.085	6352.674	6560.046	26995.244	5345.822	4444.49	1887.205	3160.52	8392.538	9013.81	12432.089	15537.036	11579.366	14851.057	3067.701	8214.942	12345.745	9997.987	9020.316	12472.046
79	14362.561	6351.722	6541.635	26707.459	5320.219	4571.885	1940.322	3135.598	8125.633	8579.402	12365.866	15501.888	11490.116	14778.353	2983.011	8019.297	12234.863	9777.158	8810.286	12311.056
80	14331.716	6424.131	6593.767	26226.578	5262.343	4677.276	1954.785	3068.841	7908.76	8304.776	12036.294	15043.406	11249.319	14651.474	2990.419	8110.651	12546.933	9856.097	8774.791	12214.089
81	13991.224	6342.858	6611.464	26257.301	5237.208	4735.678	1984.913	3026.787	7581.661	7943.534	11768.305	14903.348	11233.509	14295.771	2956.044	8092.964	12660.573	9664.587	8594.126	12086.592
82	13738.736	6322.981	6669.181	26150.959	5184.713	4782.517	1986.533	2957.719	7526.261	7769.755	11557.432	14606.888	11108	13819.83	2926.048	8018.385	12829.081	9547.495	8409.702	12066.51
83	13565.172	6276.696	6650.03	25936.506	5165.598	4819.604	1998.911	2896.319	7238.122	7447.268	11338.487	14528.252	11148.904	13695.579	2911.849	7995.487	13189.795	9430.172	8228.359	11928.277
84	13517.135	6304.567	6882.96	26190.336	5108.979	4776.348	2001.75	2839.556	7066.599	7160.02	11125.765	14172.71	10897.001	13310.455	2883.081	7912.789	13420.407	9356.024	8024.57	11921.765
85	13626.748	6274.074	6927.533	26136.471	5060.324	4725.852	1991.229	2775.823	6967.077	6941.52	11000.683	13734.853	10463.522	12933.292	2787.969	7700.136	13472.918	9230.081	7792.614	11924.762
86	13639.323	6322.393	7093.333	26474.254	4962.468	4645.102	1986.401	2711.502	6826.736	6659.001	10785.771	13498.955	10197.272	12736.513	2727.314	7559.625	13573.535	9165.365	7623.027	11836.724
87	13836.198	6363.524	7203.295	26442.037	4950.494	4606.595	1977.132	2670.779	6868.842	6528.427	10815.55	13193.642	9821.689	12603.508	2713.339	7502.606	13739.717	9147.582	7491.901	11887.809
88	13980.537	6408.788	7318.876	26779.42	4953.425	4600	2028.288	2672.778	6621.505	6264.031	10740.543	13110.464	9661.93	12588.655	2655.47	7378.292	13626.943	8917.757	7160.296	11676.53
89	14259.917	6516.36	7390.082	26712.885	4915.066	4587.193	2038.613	2640.394	6630.834	6099.104	10527.432	12707.225	9266.618	12527.69	2626.575	7196.875	13613.124	9017.721	7220.231	12005.156
90	14247.854	6439.882	7337.141	26250.537	4889.879	4590.518	2057.056	2636.067	6393.878	5770.533	10260.703	12430.468	8982.591	12516.521	2603.823	7045.085	13399.478	8878.246	7047.423	11827.243
91	14549.24	6484.235	7344.96	25810.514	4802.146	4548.857	1996.132	2557.98	6198.5	5571.219	10089.554	12138.183	8560.639	12157.624	2562.244	6832.307	13151.991	8721.809	6881.941	11661.442
92	14377.88	6429.881	7268.169	25069.256	4740.731	4558.763	2004.369	2524.137	6162.718	5422.352	9792.416	11748.17	8209.218	11975.015	2587.605	6824.422	13325.592	8697.296	6803.881	11650.917
93	14265.079	6370.355	7341.261	24524.309	4639.158	4579.743	2009.632	2488.355	5955.824	5271.798	9641.104	11700.592	8104.959	11909.277	2575.849	6677.067	13259.202	8619.244	6634.58	11497.252
94	14110.606	6309.943	7502.782	24040.133	4556.029	4599.208	2007.961	2447.011	5772.247	5104.513	9375.547	11538.866	7875.22	11628.376	2503.067	6488.625	13098.877	8355.258	6391.89	11319.482
95	13882.087	6200.838	7715.722	23842.781	4443.085	4572.85	1999.737	2411.493	5646.357	4995.774	9064.875	11101.265	7462.471	11189.059	2517.607	6494.859	13058.913	8153.512	6207.842	11147.195
96	13880.642	6116.774	7888.668	23264.857	4344.204	4506.029	1986.725	2366.418	5610.915	4913.331	8893.946	10864.779	7134.411	10869.193	2505.254	6414.381	13353.188	8157.145	6204.381	11431.62
97	13538.373	5961.942	7976.042	23007.484	4295.85	4438.102	1966.029	2336.645	5507.65	4807.137	8817	10791.73	6923.254	10696.539	2484.696	6317.701	13449.835	8156.794	6083.153	11179.216
98	13672.249	5932.117	8170.825	22735.061	4260.044	4356.976	1943.049	2305.088	5592.171	4759.312	8623.914	10513.152	6641.072	10498.304	2469.668	6269.914	13381.039	7975.228	5968.41	11301.415
99	13419.335	5841.557	8212.11	22538.916	4206.375	4289.947	1928.087	2283.129	5487.669	4646.004	8464.708	10254.773	6302.547	10223.22	2471.502	6150.333	13243.224	7886.179	5869.803	11179.569
100	13673.658	5903.747	8247.866	22009.504	4179.141	4195.037	1913.081	2269.833	5415.23	4515.188	8270.349	10055.853	6045.067	10073.545	2441.931	6011.239	13047.098	7680.468	5712.775	11049.828
101	13586.172	5807.812	8083.285	21609.119	4166.559	4128.431	1893.975	2257.453	5423.923	4478.174	8309.667	10104.543	5851.144	10021.893	2434.109	5914.448	12880.576	7650.595	5640.999	10959.484
102	13837.412	5868.347	8049.682	21257.969	4133.464	4082.962	1865.001	2242.224	5375.5	4428.651	8155.027	9861.531	5535.778	9830.963	2414.13	5774.086	12603.327	7515.541	5537.693	10757.81
103	13793.229	5870.271	7993.884	20839.725	4176.823	4099.671	1905.031	2282.101	5267.332	4324.612	7903.847	9651.841	5417.555	9901.687	2402.418	5692.174	12435.724	7359.814	5440.832	10602.975
104	14024.095	5965.308	8081.066	20400.268	4160.413	4072.655	1913.493	2286.002	5133.326	4239.666	7789.339	9492.305	5140.977	9643.788	2419.138	5627.775	12325.516	7209.637	5254.946	10198.059
105	13895.913	5802.693	8006.644	19740.795	4126.607	4059.026	1908.853	2279.074	5111.964	4249.969	7801.689	9351.686	4891.266	9442.498	2413.849	5571.491	12184.172	7152.691	5253.585	10365.198
106	14004.083	5719.641	8182.066	19337.812	4046.39	3986.861	1851.251	2235.299	4952.635	4164.282	7650.621	9309.333	4760.498	9464.924	2401.025	5454.956	12033.107	7010.409	5138.614	10301.845
107	14025.78	5639.601	8417.041	18803.033	3975.491	3927.738	1845.361	2202.408	4857.634	4173.343	7607.955	9155.959	4552.826	9308.086	2371.097	5423.298	11973.546	6922.549	5081.098	10224.587
108	14073.112	5647.774	8772.831	18342.482	3968.865	3902.365	1845.884	2187.356	4785.604	4122.347	7478.298	8900.784	4357.062	9095.536	2365.361	5330.118	11883.842	6830.515	5011.917	10243.856
109	13928.38	5533.473	8961.233	18037.393	3928.714	3837.383	1838.443	2177.337	4693.293	4038.786	7353.514	8667.831	4219.398	8959.449	2349.426	5250.695	11899.634	6713.571	4913.968	10215.981
110	13765.664	5450.084	9094.851	17729.748	3894.237	3782.042	1814.049	2143.699	4792.87	4059.679	7315.658	8569.132	4103.23	8800.745	2330.368	5221.311	11876.45	6617.854	4813.57	10194.073
111	13686.86	5466.291	9266.675	17472.764	3854.498	3674.96	1797.089	2127.404	4843.994	4071.135	7332.124	8575.961	4019.586	8713.839	2294.073	5067.565	11481.701	6374.136	4701.919	9958.116
112	13666.123	5435.702	9214.934	17045.119	3845.868	3588.316	1787.186	2116.218	4857.84	4064.151	7421.05	8671.699	3928.5	8465.406	2308.477	5120.625	11716.425	6464.884	4766.087	10157.9
113	13409.377	5387.826	9197.812	17037.148	3840.556	3518.099	1781.404	2100.669	4945.22	4059.43	7314.074	8426.234	3795.81	8257.244	2256.629	4953.83	11399.345	6273.775	4661.33	9947.363
114	13437.961	5392.708	8921.83	16588.334	3838.749	3482.985	1771.286	2086.232	4956.664	4040.285	7191.406	8309.459	3677.322	8023.616	2290.656	4941.517	11484.302	6300.927	4637.959	9738.802
115	13214.738	5415.221	8940.84	16496.764	3827.924	3416.683	1747.331	2074.872	5048.166	4119.29	7328.699	8247	3605.353	7890.818	2281.542	4866.528	11177.985	6216.097	4557.293	9616.867
116	13128.01	5398.382	8865.924	16119.91	3816.092	3359.581	1730.59	2063.508	4986.416	4040.967	7301.556	8200.029	3579.042	7882.496	2270.216	4799.244	11037.443	6167.938	4535.867	9439.476
117	13143.148	5362.065	8997.684	15918.133	3777.941	3291.284	1716.551	2045.222	4980.364	4109.533	7377.902	8150.878	3486.687	7690.573	2282.054	4818.428	10995.514	6193.641	4531.009	9350.729
118	13205.543	5386.975	9169.687	15477.616	3813.347	3317.273	1763.556	2084.173	4928.041	4111.048	7444.592	8123.065	3483.501	7645.834	2265.282	4794.25	10855.945	6145.822	4459.804	9272.916
119	12925.601	5288.015	9425.408	15162.899	3795.606	3297.167	1776.14	2080.311	4894.8	4031.064	7400.066	8073.461	3431.237	7643.831	2274.649	4684.796	10647.226	6048.917	4387.437	9209.313
120	12932.235	5232.514	9808.821	14941.912	3772.596	3274.911	1803.232	2086.938	4752.936	4044.755	7559.523	8061.872	3412.003	7570.046	2275.473	4619.586	10492.071	6034.234	4327.693	9237.348
121	12819.687	5122.495	10095.891	14596.678	3666.47	3173.032	1751.586	2027.326	4750.271	4059.012	7558.599	7852.689	3309.909	7381.776	2246.579	4533.87	10373.559	5958.015	4295.396	9188.068
122	12868.862	5124.528	10440.654	14406.571	3629.372	3112.15	1753.405	2008.799	4709.147	4080.576	7602.388	7907.679	3345.455	7418.83	2297.995	4571.069	10470.479	6025.408	4341.373	9380.202
123	12736.805	5065.586	10490.451	14022.636	3586.022	3045.936	1746.345	2007.007	4722.36	4106.104	7707.65	7885.284	3284.431	7234.528	2275.943	4502.304	10382.485	5938.616	4273.622	9371.695
124	12656.525	5014.766	10561.73	13938.189	3586.834	2963.892	1748.26	1992.857	4796.212	4114.938	7678.973	7785.878	3233.858	7036.25	2264.008	4448.197	10244.932	5863.468	4226.077	9329.351
125	12559.922	4961.084	10459.14	13841.595	3546.33	2872.905	1742.327	1973.001	4710.693	4115.754	7727.339	7855.892	3283.946	7017.851	2246.59	4370.54	10062.125	5778.477	4187.023	9273.835
126	12405.218	4953.254	10569.169	14032.716	3537.332	2823.515	1735.603	1973.727	4771.486	4151.375	7795.11	7863.673	3272.906	6794.977	2284.329	4333.731	10092.272	5770.556	4186.851	9219.572
127	12432.966	4902.995	10313.627	13764.863	3530.195	2761.679	1722.198	1978.994	4847.426	4201.042	7786.988	7770.933	3235.335	6672.702	2267.797	4274.223	9911.214	5742.745	4167.802	9058.716
128	12375.673	4945.022	10411.761	13716.806	3503.955	2695.976	1700.131	1984.087	4822.292	4179.297	7705.016	7748.299	3245.652	6558.122	2282.06	4239.928	9741.238	5606.271	4000.073	8660.398
129	12166.291	4895.161	10449.515	13659.334	3483.048	2640.359	1682.597	1979.06	4829.843	4242.566	7795.455	7819.796	3254.001	6471.483	2292.97	4169.892	9639.399	5674.008	4114.646	8801.737
130	12167.01	4951.864	10841.08	13594.498	3431.785	2577.576	1666.269	1964.088	4930.297	4308.149	7849.636	7707.944	3227.52	6364.539	2318.245	4121.712	9562.943	5662.403	4126.977	8741.503
131	11968.815	4890.307	11114.147	13555.632	3400.529	2557.418	1668.245	1949.163	4798.374	4220.628	7823.809	7703.005	3289.717	6380.889	2372.171	4118.027	9576.339	5662.715	4110.739	8747.965
132	12091.836	4975.333	11603.252	13554.219	3369.607	2540.696	1668.985	1936.926	4793.009	4255.01	7931.092	7638.4	3216.12	6176.939	2363.105	4043.249	9446.522	5633.211	4089.208	8825.972
133	12011.526	4951.493	11892.706	13347.765	3387.039	2573.116	1729.289	1977.37	4814.246	4356.78	8137.967	7712.306	3267.23	6183.237	2373.384	4016.295	9327.52	5599.867	4065.723	8919.104