TIME	20190501_W01	20190501_W02	20190501_W03	20190501_W04	20190501_W06	20190503_W01	20190503_W02	20190503_W03	20190503_W04	20190503_W05
0	1586.926	1416.267	1330.12	1013.625	1260.646	989.39	548.065	1181.614	1170.951	530.015
1	1604.533	1404.233	1354.056	1024.793	1245.444	1008.271	546.664	1159.916	1126.987	523.43
2	1636.109	1401.205	1390.248	1058.928	1262.114	1052.493	545.284	1114.734	1069.404	525.317
3	1641.616	1400.748	1404.351	1086.923	1309.83	1113.227	557.306	1100.985	1058.628	530.476
4	1645.712	1368.177	1402.505	1119.173	1387.872	1177.52	587.578	1096.252	1037.703	535.993
5	1662.155	1389.335	1408.943	1156.896	1478.504	1266.404	618.704	1121.043	1039.531	564.772
6	1690.509	1424.738	1412.797	1177.643	1562.464	1345.348	638.073	1196.15	1060.182	567.879
7	1729.634	1464.17	1414.177	1202.769	1610.423	1380.802	656.775	1303.721	1084.861	579.476
8	1796.956	1550.493	1412.062	1217.43	1623.725	1442.503	675.297	1458.997	1114.81	584.346
9	1912.074	1656.061	1417.795	1225.17	1636.541	1449.011	694.736	1608.193	1137.661	573.245
10	2065.863	1786.745	1455.024	1249.714	1601.302	1449.609	681.021	1757.554	1179.478	556.767
11	2196.28	1934.927	1516.662	1288.573	1560.795	1453.915	679.779	1877.852	1213.036	558.033
12	2341.709	2034.011	1603.208	1343.091	1546.61	1471.845	709.662	1919.514	1237.932	547.399
13	2402.87	2118.994	1716.879	1396.838	1532.582	1482.454	692.593	1983.954	1272.555	551.278
14	2440.917	2186.514	1805.1	1487.11	1533.163	1558.141	711.066	2002.392	1309.179	560.1
15	2450.636	2229.648	1874.769	1575.578	1574.359	1618.264	732.939	1981.988	1342.043	587.112
16	2414.51	2290.975	1936.88	1666.332	1614.262	1782.195	802.343	1992.489	1414.971	639.439
17	2345.859	2278.32	1979.688	1715.738	1686.096	1918.379	866.47	1981.741	1465.752	676.918
18	2289.111	2291.047	1990.896	1738.621	1752.76	2099.93	916.818	1952.454	1489.769	691.358
19	2254.709	2330.78	1980.217	1754.628	1816.319	2180.565	978.402	1919.961	1495.771	692.424
20	2279.908	2412.297	1981.281	1771.205	1824.772	2317.408	1080.097	1992.161	1501.944	689.617
21	2352.037	2525.056	1965.286	1789.648	1817.301	2390.556	1150.242	2114.783	1509.895	677.213
22	2495.565	2718.961	1963.186	1821.498	1782.896	2418.309	1236.487	2269.308	1518.5	650.925
23	2647.176	2942.502	2051.883	1883.975	1760.792	2422.006	1299.16	2435.986	1527.321	609.036
24	2806.294	3081.887	2119.212	1985.236	1720.321	2359.297	1334.953	2586.269	1521.455	594.56
25	2888.706	3264.175	2230.022	2126.055	1717.352	2273.443	1366.472	2692.098	1536.283	574.967
26	2921.338	3399.487	2377.666	2325.731	1721.888	2259.887	1388.453	2756.195	1551.721	572.52
27	2931.919	3438.158	2463.769	2496.15	1735.921	2219.682	1375.415	2772.388	1582.746	565.281
28	2887.945	3458.267	2521.959	2611.507	1813.232	2266.414	1373.694	2694.41	1616.86	584.441
29	2812.198	3435.305	2552.806	2725.318	1899.018	2342.617	1385.225	2654.62	1665.44	631.599
30	2698.863	3364.378	2547.622	2796.541	1968.703	2521.359	1425.983	2557.208	1714.042	686.665
31	2658.398	3291.769	2471.414	2825.471	2056.923	2736.484	1489.99	2435.9	1751.343	703.41
32	2660.94	3249.646	2412.951	2757.811	2124.576	2984.727	1604.198	2405.38	1801.111	752.497
33	2741.115	3302.772	2340.783	2687.623	2176.274	3222.299	1734.188	2361.118	1849.628	784.853
34	2884.042	3444.149	2332.397	2663.614	2179.156	3515.707	1937.372	2454.908	1892.533	796.857
35	3084.005	3691.199	2345.354	2613.526	2165.579	3562.441	2085.684	2588.36	1917.803	779.005
36	3352.786	4036.595	2421.722	2612.761	2152.577	3611.101	2185.067	2766.347	1913.585	788.73
37	3591.825	4364.189	2544.959	2712.815	2173.573	3579	2220.64	2997.403	1881.989	731.585
38	3705.258	4651.752	2710.239	2878.083	2181.968	3484.757	2224.8	3213.153	1875.332	706.045
39	3748.806	4827.748	2820.421	3054.798	2176.803	3383.495	2189.076	3308.145	1900.101	679.687
40	3767.453	4869.249	2915.212	3240.878	2226.073	3248.445	2156.807	3456.178	1936.697	668.066
41	3688.835	4797.151	3001.784	3368.408	2270.659	3201.274	2081.755	3461.412	1999.923	680.288
42	3554.818	4718.65	3086.483	3428.153	2316.923	3185.742	2014.27	3397.794	2066.6	715.09
43	3487.498	4597.713	3040.816	3453.795	2414.52	3211.972	1990.87	3351.584	2148.65	752.367
44	3386.091	4429.586	3027.504	3398.668	2476.5	3363.058	1955.364	3169.065	2286.2	797.197
45	3348.345	4289.458	3005.344	3289.616	2561.228	3598.875	1961.423	3038.875	2383.325	773.929
46	3456.701	4245.868	2955.757	3212.65	2597.33	3802.482	2054.224	2959.713	2511.935	776.557
47	3644.312	4312.055	2949.131	3131.698	2687.778	4037.295	2175.508	2896.497	2603.388	774.897
48	3864.168	4505.272	2956.664	3073.097	2694.528	4363.058	2386.597	2852.027	2676.139	761.049
49	4138.769	4811.26	3043.236	3071.291	2766.734	4530.186	2531.969	2959.973	2712.776	744.475
50	4335.531	5137.287	3153.328	3122.65	2783.729	4760.94	2670.566	3131.368	2742.745	727.063
51	4482.59	5380.734	3278.038	3222.305	2797.954	4814.33	2776.528	3332.805	2768.024	702.96
52	4585.862	5653.879	3426.126	3397.064	2756.619	4884.556	2875.128	3652.536	2801.282	674.14
53	4566.326	5686.769	3526.933	3554.078	2796.464	4822.825	2857.889	3896.948	2798.241	662.229
54	4450.772	5563.886	3631.007	3711.293	2780.234	4677.726	2849.783	4057.29	2773.141	638.481
55	4313.657	5443.418	3657.709	3820.868	2769.54	4525.92	2776.474	4179.949	2737.06	606.285
56	4179.209	5217.826	3646.563	3807.295	2808.609	4434.487	2702.124	4232.292	2784.012	617.663
57	4115.79	4993.869	3618.014	3817.784	2861.342	4297.111	2678.512	4220.839	2831.321	640.678
58	4098.293	4806.183	3574.9	3722.652	2970.403	4362.473	2599.177	4111.471	2863.324	633.688
59	4076.321	4685.769	3549.442	3617.516	3098.912	4426.541	2570.158	3926.074	2922.321	652.784
60	4196.727	4654.562	3526.407	3489.026	3189.425	4619.871	2612.585	3754.372	3009.549	668.519
61	4413.018	4792.991	3546.338	3457.881	3366.229	4889.154	2732.43	3593.196	3052.055	656.158
62	4599.072	5055.27	3610.664	3463.047	3484.951	5137.705	2832.371	3489.616	3055.032	651.031
63	4788.423	5353.641	3682.033	3584.837	3502.71	5481.568	3110.191	3446.386	3084.782	656.854
64	4923.917	5771.708	3867.502	3676.756	3577.294	5735.595	3349.533	3498.322	3079.359	640.382
65	5028	6049.62	3975.054	3807.115	3665.18	5952.1	3648.483	3606.742	3089.189	625.186
66	5044.412	6242.183	4109.359	4002.88	3648.14	6040.588	3842.823	3857.016	3092.67	604.522
67	5054.333	6407.196	4210.685	4114.401	3609.694	6015.906	3979.993	4081.739	3044.026	599.904
68	4968.508	6404.785	4264.816	4258.725	3573.611	6035.259	3995.734	4302.537	3020.514	576.294
69	4942.182	6221.444	4224.687	4302.599	3532.25	5986.344	4032.999	4500.064	3022.854	581.853
70	4929.133	6233.683	4214.435	4294.912	3584.399	5809.591	4000.312	4585.599	3052.726	586.605
71	4921.264	6068.75	4178.543	4273.975	3714.202	5760.601	3930.389	4551.27	3096.663	614.108
72	4909.633	5835.834	4132.96	4206.233	3729.14	5659.741	3969.655	4501.818	3146.508	630.819
73	4976.623	5813.442	4100.953	4198.056	3763.951	5697.323	3760.015	4372.442	3122.942	622.951
74	5074.373	5761.309	4005.723	4189.812	3902.431	5678.572	3750.359	4214.701	3127.691	619.279
75	5169.137	5873.71	4030.39	4205.807	3953.196	6035.955	3764.625	4129.838	3142.545	637.455
76	5293.478	6205.211	4057.301	4197.116	3988.019	6368.587	3723.583	3963.592	3132.987	644.246
77	5353.826	6590.316	4117.264	4259.378	4044.81	6696.927	3868.687	3863.848	3098.138	631.118
78	5319.383	7072.653	4191.206	4310.07	3994.894	6794.818	4021.017	3839.053	3084.512	590.273
79	5363.206	7471.011	4270.25	4492.213	3962.623	7139.499	4207.426	3934.383	3052.194	591.366
80	5319.31	7826.458	4340.093	4608.599	3944.138	7207.593	4347.058	4028.475	3036.94	592.574
81	5235.655	8076.466	4331.567	4701.321	3915.69	7173.485	4505.979	4192.703	3008.268	595.238
82	5231.432	8112.694	4332.624	4766.828	3884.355	7168.565	4637.705	4375.171	2994.303	576.274
83	5158.477	8192.617	4399.309	4839.11	3868.716	7109.799	4678.897	4550.95	2968.234	588.262
84	5078.287	8039.552	4350.354	4813.547	3840.823	6941.062	4673.065	4699.406	2977.029	598.029
85	5095.894	8010.593	4305.576	4789.368	3818.241	6755	4701.251	4716.932	2946.965	597.588
86	5047.873	7805.738	4307.008	4786.189	3802.562	6575.372	4728.065	4733.849	2928.025	616.503
87	5075.495	7661.795	4287.062	4720.081	3754.576	6514.011	4659.521	4717.853	2879.143	653.577
88	5055.058	7673.56	4259.674	4695.426	3686.443	6474.755	4608.73	4678.026	2867.164	686.99
89	5115.435	7714.999	4284.119	4647.083	3643.365	6467.641	4555.885	4538.631	2833.473	720.169
90	5072.528	7787.372	4215.573	4612.198	3573.702	6479.942	4486.09	4375.52	2775.455	727.336
91	5010.572	7897.075	4199.021	4577.926	3499.151	6452.762	4429.392	4277.203	2702.552	714.929
92	4984.11	8070.704	4197.193	4621.188	3431.777	6480.145	4329.851	4169.206	2659.063	701.491
93	4881.327	8126.923	4104.044	4616.128	3334.647	6460.004	4267.816	4132.757	2621.495	698.783
94	4784.579	8092.312	4068.39	4620.156	3275.609	6462.801	4163.301	4077.159	2577.826	692.313
95	4702.351	8206.991	4063.378	4622.075	3221.419	6332.875	4129.717	4095.758	2544.993	677.44
96	4519.688	8077.227	4026.558	4594.86	3156.75	6097.201	4040.741	4088.555	2509.673	661.657
97	4458.544	7883.745	3936.947	4522.322	3098.469	5975.317	3927.828	4206.802	2489.38	642.878
98	4475.04	7893.932	3926.826	4459.869	3048.798	5757.181	3808.469	4202.194	2465.593	641.807
99	4416.694	7597.992	3864.56	4391.793	2998.266	5602.757	3721.77	4168.737	2419.957	643.901
100	4369.875	7459.087	3799.13	4314.893	2942.264	5365.524	3631.924	4183.846	2385.39	645.168
101	4439.549	7437.917	3798.91	4213.578	2920.995	5197.305	3502.106	4107.118	2350.298	658.989
102	4387.408	7217.222	3779.925	4184.744	2869.034	5012.381	3406.433	4049.116	2309.281	667.22
103	4345.404	7092.668	3746.639	4090.878	2785.595	4858.957	3298.589	3947.389	2271.186	678.564
104	4356.855	7123.239	3702.085	3976.767	2774.513	4719.203	3184.908	3817.333	2240.392	683.982
105	4245.576	6932.004	3663.125	3947.002	2682.542	4542.058	3088.379	3693.616	2201.771	688.586
106	4193.898	6869.293	3557.001	3826.501	2658.751	4459.931	2991.173	3638.139	2186.964	707.246
107	4127.963	6802.932	3530.689	3803.274	2641.887	4325.509	2938.825	3578.294	2155.054	707.504
108	4022.932	6728.65	3444.592	3684.046	2577.857	4178.871	2873.431	3495.215	2127.866	709.917
109	3960.904	6553.113	3421.342	3667.408	2568.02	4049.348	2768.941	3405.546	2103.919	682.79
110	3947.739	6395.543	3381.049	3613.69	2545.363	3908.73	2680.151	3337.282	2090.266	661.206
111	3930.097	6224.525	3298.528	3489.769	2495.982	3746.584	2605.433	3248.891	2096.95	664.389
112	3948.466	6033.67	3298.03	3443.939	2446.449	3606.522	2517.299	3180.67	2064.132	646.009
113	3966.832	5883.823	3249.16	3392.913	2443.323	3447.576	2440.635	3119.314	2057	647.116
114	3956.968	5695.921	3213.916	3289.102	2418.898	3335.292	2403.407	3034.462	2042.169	651.353
115	3944.133	5602.181	3194.126	3278.128	2375.236	3201.156	2352.251	2935.281	2019.422	676.45
116	3925.083	5478.846	3164.478	3212.626	2357.007	3061.194	2271.531	2851.446	1998.289	693.194
117	3899.401	5384.911	3151.192	3163.731	2327.715	2942.473	2251.676	2798.586	1987.962	706.915
118	3871.5	5395.13	3115.5	3094.96	2293.235	2842.214	2213.946	2684.978	1961.57	724.635
119	3803.912	5303.648	3058.392	3040.333	2284.94	2735.117	2173.17	2600.477	1932.695	739.756
120	3713.591	5214.131	3037.166	3027.609	2267.954	2673.819	2119.845	2528.664	1926.141	744.854
121	3724.301	5195.085	3018.904	2992.657	2284.233	2561.821	2075.778	2452.157	1915.328	755.545
122	3688.429	5069.895	2985.499	2992.233	2265.342	2494.955	2032.653	2389.76	1921.358	751.598
123	3664.762	5011.146	2980.991	2997.434	2243.786	2413.569	2025.955	2330.266	1926.525	753.259
124	3757.403	5011.368	2994.927	2999.072	2270.954	2346.423	1975.448	2300.416	1934.243	748.324
125	3719.227	4871.058	2977.942	2970.19	2229.247	2268.862	1966.329	2256.563	1942	764.854
126	3777.627	4754.731	2956.009	2961.351	2207.57	2209.579	1908.658	2183.792	1941.415	735.424
127	3791.473	4699.186	2975.67	2964.33	2192.09	2130.316	1874.319	2124.037	1926.798	716.313
128	3785.439	4638.932	2936.992	2946.327	2183.507	2061.688	1870.053	2055.772	1912.953	723.264
129	3747.116	4618.897	2969.526	2922.067	2167.749	1961.977	1881.202	1986.65	1909.817	728.317
130	3692.737	4550.405	2954.118	2912.69	2180.003	1916.786	1878.882	1936.499	1905.273	732.779
131	3609.047	4571.626	2942.848	2881.234	2147.618	1853.395	1865.452	1886.214	1899.022	751.787
132	3634.068	4572.07	2934.059	2841.22	2165.676	1811.27	1857.628	1849.37	1884.927	772.808
133	3553.468	4570.419	2916.355	2850.244	2131.384	1779.223	1858.861	1794.039	1864.93	786.367