TIME	20180127_LSM780_W02	20180127_LSM780_W04	20180127_LSM780_W05	20180127_LSM780_W06	20180127_LSM780_W07	20180203_NLO_W02	20180203_NLO_W04	20180203_NLO_W05	20180324_W02	20180324_W03	20180324_W04	20180329_W02	20180329_W03	20180329_W04	20180329_W05	20180329_W07	20180402_W02	20180402_W03	20180402_W04	20180402_W05	20180402_W06	20180402_W07	20180403_W02	20180403_W05	20180403_W06	20180413_W02	20180413_W03	20180413_W04	20180414_NLO_W02	20180414_NLO_W03
0	3123.528	2625.029	4025.203	1621.779	1365.203	1272.46	1234.594	1000.718	953.728	1866.497	865.644	761.188	992.286	723.433	677.188	807.843	1542.129	991.03	2195.191	421.323	971.477	934.655	2100.912	1789.466	936.186	1051.94	2398.333	2153.499	1103.352	1206.617
1	3515.356	2890.994	4548.935	1653.59	1363.573	1307.308	1238.345	1013.212	972.618	1953.017	868.455	749.789	957.861	736.659	683.253	800.628	1537.093	973.731	2241.995	414.778	954.033	924.475	2302.234	1869.5	920.835	1054.719	2397.03	2191.16	1109.47	1198.968
2	3862.783	3106.621	4869.894	1665.045	1418.013	1382.054	1262.306	1041.708	975.387	1928.152	885.751	754.921	935.796	771.506	686.728	811.922	1529.699	952.337	2250.733	417.193	938.63	917.462	2493.612	1925.477	912.042	1070.704	2411.23	2238.013	1088.333	1171.353
3	4204.72	3404.986	5259.98	1720.602	1497.511	1448.232	1261.125	1044.995	977.913	1926.379	924.214	764.615	925.839	812.168	712.192	829.308	1553.817	964.888	2339.201	420.985	942.705	922.014	2634.753	1947.287	925.798	1081.387	2473.789	2282.736	1084.746	1159.25
4	4422.249	3536.366	5362.081	1699.154	1549.941	1568.986	1280.22	1053.257	979.864	1861.192	924.443	780.28	903.205	842.884	756.94	859.053	1621.068	1002.852	2494.043	428.832	923.663	926.037	2769.118	1963.373	945.211	1102.927	2593.835	2364.086	1108.23	1151.121
5	4683.413	3715.372	5488.461	1740.193	1657.293	1702.457	1293.771	1046.328	982.006	1827.262	932.657	804.183	887.285	889.609	801.051	908.631	1707.137	1022.891	2658.954	423.58	883.163	923.8	2880.469	1938.27	966.276	1120.357	2766.879	2488.951	1133.74	1163.204
6	4844.916	3758.312	5384.678	1729.934	1744.805	1819.258	1323.612	1080.746	996.358	1794.277	940.246	832.352	886.497	921.102	835.099	975.828	1906.254	1113.511	2961.966	437.928	856.181	952.973	2987.063	1889.816	999.284	1130.222	3055.507	2702.104	1196.44	1197.238
7	4915.27	3803.982	5388.514	1740.647	1855.845	1994.178	1343.202	1078.5	1024.562	1770.23	913.988	882.681	882.056	957.426	872.838	1066.605	2062.975	1192.163	3193.467	436.606	790.312	944.806	3050.692	1860.935	1041.107	1142.876	3385.972	2972.465	1229.087	1253.956
8	4986.943	3837.629	5344.558	1734.658	1931.065	2084.054	1360.932	1096.042	1083.529	1797.91	906.193	955.139	923.561	1003.622	915.078	1159.707	2301.926	1311.715	3544.083	438.534	775.315	980.97	3155.287	1867.823	1078.708	1157.255	3723.048	3286.536	1254.934	1291.817
9	4922.783	3787.337	5317.991	1719.04	1993.276	2225.388	1419.519	1102.489	1142.848	1839.419	864.725	1037.178	946.843	1044.285	966.435	1253.276	2524.339	1420.406	3730.713	436.801	721.92	991.917	3314.957	1893.723	1125.561	1155.892	3991.231	3596.756	1256.606	1320.402
10	5072.524	3888.03	5515.455	1740.855	2056.661	2302.599	1505.841	1129.199	1224.378	1931.686	858.084	1130.247	989.242	1084.451	1014.601	1353.853	2659.465	1490.661	3842.343	439.766	693.622	1017.37	3554.894	1964.346	1159.673	1153.63	4174.85	3834.307	1301.577	1347.09
11	5172.944	3903.109	5803.378	1734.91	2106.244	2383.604	1594.525	1161.485	1293.418	2059.173	855.536	1201.233	1029.325	1143.658	1084.387	1452.374	2802.216	1559.083	4019.177	440.963	692.011	1048.679	3882.639	2060.948	1216.607	1115.401	4258.3	4023.378	1289.709	1361.485
12	5524.999	4066.088	6400.227	1766.823	2127.721	2447.422	1680.74	1165.525	1326.764	2158.185	851.083	1261.439	1077.266	1215.727	1168.54	1503.576	2791.829	1535.393	3887.722	439.987	691.489	1033.481	4219.41	2143.771	1267.158	1103.418	4270.672	4118.019	1216.723	1301.85
13	5996.361	4196.632	6892.592	1763.927	2127.485	2434.686	1800.103	1190.749	1374.716	2338.878	863.561	1320.655	1134.006	1295.907	1267.53	1562.889	2797.522	1555.253	3819.037	444.616	676.373	1027.496	4587.892	2254.374	1316.171	1110.632	4291.403	4117.063	1199.692	1291.85
14	6621.662	4469.176	7484.214	1811.626	2154.457	2496.507	1871.212	1150.574	1351.485	2433.856	877.183	1369.835	1195.848	1429.892	1382.602	1597.946	2821.093	1532.139	3789.747	449.046	679.208	1002.026	4938.374	2323.058	1390.403	1149.31	4220.655	4156.506	1201.892	1270.331
15	7338.304	4778.946	7985.22	1894.551	2198.869	2596.154	1947.642	1144.439	1335.387	2542.871	892.42	1396.882	1235.425	1580.425	1494.043	1636.057	2760.322	1514.969	3783.181	450.917	684.708	993.157	5170.461	2365.718	1461.653	1183.519	4175.575	4123.517	1238.244	1280.337
16	7887.449	5106.459	8318.699	2017.962	2301.412	2732.927	2047.559	1166.922	1286.008	2627.994	885.809	1432.467	1241.161	1742.933	1622.965	1658.463	2825.663	1537.938	3982.978	463.934	689.97	1013.032	5295.48	2345.56	1570.352	1221.11	4180.674	4084.448	1282.649	1271.949
17	8459.649	5557.357	8633.312	2156.702	2450.843	2995.603	2135.713	1176.074	1242.219	2652.487	871.518	1452.471	1225.883	1916.425	1741.469	1672.476	2836.781	1524.475	4153.7	470.998	665.332	1015.326	5299.38	2299.508	1709.452	1245.238	4297.111	4059.106	1349.751	1297.154
18	8536.983	5720.691	8475.754	2238.127	2564.317	3203.228	2190.555	1176.333	1220.402	2710.421	867.108	1467.3	1221.046	2076.278	1859.586	1676.536	3043.467	1612.686	4552.11	491.544	663.33	1057.31	5215.158	2247.269	1839.513	1263.327	4566.967	4143.926	1387.221	1333.691
19	8650.615	5984.736	8446.401	2382.888	2800.501	3521.688	2289.904	1200.368	1202.549	2709.012	843.914	1491.928	1214.248	2221.308	1944.083	1701.739	3334.198	1690.544	4892.877	516.925	639.721	1074.467	5099.448	2162.811	1958.505	1270.983	4979.529	4332.275	1465.284	1428.186
20	8546.128	6002.759	8153.324	2430.122	2945.109	3725.087	2339.365	1211.595	1224.512	2744.218	832.26	1541.879	1207	2332.98	2027.346	1736.313	3662.797	1832.719	5292.445	544.019	626.784	1129.723	4956.488	2082.684	2070.962	1270.936	5426.176	4607.29	1474.275	1459.818
21	8440.537	6136.658	7997.324	2487.281	3169.982	3828.196	2398.735	1235.601	1270.233	2735.083	801.025	1606.983	1207.142	2390.459	2086.848	1793.237	4016.763	2000.524	5677.012	549.677	617.022	1153.092	4761.319	2009.972	2156.047	1254.936	5899.184	4951.745	1480.45	1506.661
22	8410.606	6284.164	7862.184	2476.664	3323.547	3927.16	2464.676	1257.523	1341.79	2742.9	779.928	1690.5	1238.565	2448.156	2134.334	1881.951	4190.278	2115.636	5735.067	568.035	603.801	1180.454	4679.784	1957.201	2238.241	1241.646	6268.763	5282.153	1482.974	1526.174
23	8112.92	6243.206	7706.198	2510.743	3444.331	3915.771	2530.783	1259.471	1435.719	2775.41	768.543	1792.502	1304.024	2453.016	2156.973	1991.254	4407.807	2260.349	5895.333	584.416	616.157	1199.389	4665.121	1935.46	2256.967	1226.594	6498.197	5608.169	1514.642	1573.291
24	8285.216	6418.923	7977.384	2609.37	3586.554	3861.02	2684.341	1322.285	1491.358	2826.622	749.998	1901.786	1407.085	2457.902	2191.6	2115.018	4333.74	2256.312	5712.403	573.29	624.223	1184.601	4825.745	2004.002	2291.406	1171.068	6514.457	5803.436	1464.336	1549.364
25	8371.295	6468.055	8216.288	2603.501	3640.876	3871.293	2857.797	1339.886	1567.956	2940.372	761.633	2005.709	1522.015	2483.299	2249.052	2210.703	4370.83	2332.22	5714.827	580.897	634.42	1184.47	5177.384	2152.597	2316.761	1141.044	6454.093	5878.524	1469.604	1512.133
26	8926.262	6662.633	8811.721	2679.766	3720.331	3830.217	3043.758	1346.299	1588.646	3051.921	787.54	2099.186	1625.675	2491.634	2281.958	2312.954	4195.885	2265.263	5447.369	570.867	646.345	1151.932	5691.33	2349.05	2306.225	1127.319	6339.587	5854.792	1493.828	1497.644
27	9472.371	6811.413	9405.436	2666.833	3726.826	3852.394	3261.872	1333.096	1615.901	3162.017	815.458	2166.18	1745.613	2499.989	2361.455	2394.084	4136.108	2244.788	5368.716	591.523	663.303	1170.743	6273.544	2548.673	2312.888	1151.319	6174.258	5810.424	1572.909	1494.593
28	10208.745	7125.979	10171.397	2734.991	3812.466	3890.221	3454.447	1349.077	1604.21	3242.381	825.987	2230.618	1829.438	2567.417	2443.133	2474.958	4096.092	2239.707	5396.668	627.602	673.366	1188.179	6704.917	2743.204	2344.428	1189.166	6006.772	5695.071	1710.154	1541.149
29	11170.254	7554.412	10901.025	2823.076	3958.067	4094.499	3561.863	1345.49	1545.143	3220.53	843.996	2282.764	1899.045	2695.628	2545.987	2508.328	3992.365	2186.004	5589.269	669.281	676.469	1212.57	7021.465	2901.389	2406.905	1232.723	5925.44	5577.038	1822.398	1568.659
30	11583.534	7829.265	11330.438	2952.12	4159.837	4491.752	3652.7	1371.678	1489.374	3168.609	849.157	2297.011	1916.605	2871.067	2690.903	2516.232	4239.303	2260.866	6138.349	762.287	688.298	1280.797	7140.358	2986.447	2522.338	1308.046	6027.657	5515.259	1952.475	1632.493
31	12163.813	8328.762	11775.713	3133.269	4455.731	4856.683	3754.21	1397.523	1446.34	3085.258	853.155	2250.173	1950.7	3149.785	2791.123	2498.154	4464.688	2268.191	6483.951	829.791	682.128	1329.74	7133.895	3020.794	2735.894	1370.24	6307.035	5550.144	2088.835	1704.112
32	12252.65	8469.742	11691.022	3236.34	4618.061	5122.161	3697.754	1432.635	1434.245	3035.253	845.871	2269.596	1954.873	3469.168	2916.203	2435.066	4962.787	2410.088	7152.302	922.455	680.866	1425.031	6999.339	2981.299	3014.419	1418.223	6821.852	5777.372	2209.608	1779.171
33	12361.096	8643.363	11656.052	3401.568	4890.793	5379.988	3677.478	1446.426	1459.866	2996.352	836.34	2316.421	1944.844	3750.962	3054.024	2425.006	5472.389	2591.704	7666.24	965.479	669.421	1486.471	6776.231	2853.448	3308.816	1448.159	7479.838	6088.558	2337.045	1870.103
34	12294.794	8733.057	11396.277	3491.915	5046.707	5626.677	3708.684	1521.324	1502.675	2964.928	833.721	2397.025	1949.501	4029.649	3151.316	2391.925	5802.133	2739.076	7763.088	982.699	664.878	1532.602	6485.462	2722.533	3617.916	1462.323	8121.472	6561.738	2380.724	1907.157
35	11933.822	8752.76	11199.906	3634.523	5259.078	5714.744	3732.058	1560.222	1594.328	2990.858	829.097	2518.757	1951.165	4246.963	3198.035	2382.01	6293.431	2999.154	8153.784	1020.768	693.533	1598.035	6190.342	2596.405	3840.642	1450.752	8690.711	7071.201	2420.219	1939.774
36	11825.51	8888.421	11088.692	3724.034	5408.967	5716.102	3783.08	1570.24	1700.555	3078.675	846.085	2711.29	1986.331	4376.185	3267.284	2406.759	6235.627	3097.171	7883.287	1016.16	688.563	1595.533	6001.651	2512.186	4047.268	1436.03	9020.75	7523.252	2495.674	1938.78
37	11424.996	8752.331	10842.733	3790.082	5441.453	5627.655	3896.918	1603.508	1834.054	3288.106	879.733	2918.752	2062.074	4472.048	3323.725	2498.93	6346.768	3276.379	8017.138	1034.401	733.08	1633.316	5941.88	2463.981	4179.82	1413.952	9141.356	7931.796	2600.637	1940.008
38	11413.185	8933.472	11018.238	3919.042	5549.057	5625.907	4096.125	1613.321	1930.51	3532.78	928.836	3155.798	2145.617	4494.536	3288.585	2623.001	6175.222	3253.335	7576.739	988.622	753.798	1604.939	6186.905	2500.28	4223.184	1382.52	9051.302	8123.645	2726.127	1875.049
39	11351.753	8946.109	11053.555	3904.118	5474.558	5511.187	4274.354	1631.114	1996.474	3764.926	995.336	3367.291	2254.397	4489.458	3305.508	2764.446	5951.668	3226.702	7372.47	1001.152	786.115	1624.745	6644.119	2643.863	4210.167	1372.142	8836.369	8209.109	2951.701	1873.034
40	11627.183	9248.427	11521.141	3930.737	5492.914	5614.09	4560.028	1641.353	2032.646	3997.332	1045.825	3576.801	2381.295	4434.574	3313.944	2921.701	5871.387	3231.374	7444.67	1054.969	804.494	1644.921	7292.38	2893.846	4159.224	1404.793	8607.475	8124.76	3230.73	1879.494
41	12091.544	9455.575	11930.918	3916.126	5502.255	5728.556	4780.567	1643.944	2000.146	4046.833	1077.963	3729.611	2492.581	4386.441	3342.21	3109.189	5614.18	3118.154	7416.159	1137.994	816.406	1667.388	8070.45	3194.6	4097.624	1449.241	8324.025	8001.748	3610.226	1965.385
42	12710.335	9862.324	12488.597	3969.887	5645.359	5862.04	4885.378	1647.638	1960.739	4071.861	1091.306	3890.741	2646.062	4373.776	3362.753	3278.641	5706.31	3147.572	7905.664	1288.82	827.189	1737.097	8700.605	3492.422	4043.9	1528.666	8140.78	7877.438	3922.165	2020.45
43	13538.477	10272.246	12981.418	3987.601	5861.464	6131.634	5024.896	1673.896	1888.869	3969.714	1087.909	3988.352	2748.016	4394.193	3468.22	3415.452	5772.961	3042.39	8087.825	1432.856	817.803	1797.878	9132.848	3747.133	3972.302	1587.784	8074.64	7732.346	4214.63	2101.466
44	13836.114	10459.771	13102.488	4007.378	6154.856	6500.85	5147.86	1682.18	1844.946	3920.741	1084.468	4023.576	2885.707	4475.29	3572.541	3461.652	6194.53	3120.681	8739.022	1617.496	829.562	1951.315	9368.439	3915.245	3920.825	1644.573	8222.83	7716.904	4405.636	2177.043
45	14171.337	10740.07	13347.235	4133.384	6534.559	6757.836	5159.327	1735.354	1823.696	3863.153	1085.028	4032.798	2962.624	4654.987	3737.013	3519.881	6740.728	3222.769	8995.005	1696.467	803.918	2032.625	9362.386	4028.323	3964.226	1674.68	8580.708	7818.224	4588.617	2237.437
46	14201.948	10804.802	13176.706	4184.206	6687.291	7043.097	5148.71	1751.604	1784.251	3738.058	1069.303	4032.633	3015.674	4931.409	3886.676	3530.518	7206.174	3339.704	9342.172	1721.745	796.252	2111.047	9176.318	4054.152	4076.24	1686.671	9119.525	8020.534	4717.699	2340.422
47	14175.212	10863.308	13082.779	4369.824	6899.985	7233.69	5170.532	1790.157	1827.716	3701.167	1068.85	4053.739	3048.704	5225.763	4034.506	3488.272	8021.972	3628.051	9621.697	1809.683	826.031	2259.214	8859.968	3994.125	4295.33	1684.504	9656.542	8358.434	4652.211	2336.739
48	14039.128	10882.612	12929.743	4481.422	7025.148	7365.338	5205.287	1841.884	1909.449	3706.896	1068.786	4080.664	3039.052	5469.369	4128.626	3441.785	8215.505	3717.342	9378.088	1764.382	835.211	2278.28	8462.573	3890.365	4625.181	1678.837	10181.34	8809.124	4694.069	2377.185
49	13625.63	10929.206	12788.153	4662.665	7199.322	7454.321	5232.317	1856.724	2028.837	3808.991	1082.35	4187.887	3063.867	5702.111	4179.704	3448.042	8437.949	3982.905	9243.516	1720.228	865.984	2360.607	8038.759	3758.102	4984.048	1673.929	10648.24	9180.7	4800.77	2360.215
50	13733.441	11054.867	12687.32	4834.106	7249.18	7403.152	5320.409	1908.525	2162.761	3964.363	1096.368	4319.863	3060.934	5844.079	4209.713	3382.759	8592.232	4202.848	8992.278	1687.806	912.201	2335.78	7724.831	3602.675	5364.586	1627.458	10900.454	9592.932	5054.308	2348.426
51	13330.219	11039.378	12532.077	4942.679	7214.781	7383.976	5553.71	1916.503	2302.847	4212.569	1137.649	4526.316	3049.919	5928.687	4255.113	3377.633	8299.718	4275.635	8618.977	1641.757	957.419	2372.681	7598.845	3474.423	5713.49	1610.786	10964.433	9854.475	5284.293	2308.219
52	13395.949	11320.096	12685.205	5072.856	7304.766	7240.662	5644.157	1916.916	2393.636	4403.544	1154.609	4793.497	3035.421	5928.462	4264.156	3383.531	8271.527	4476.868	8681.174	1690.766	1023.102	2421.449	7801.896	3442.76	5912.126	1609.664	10866.432	10047.627	5738.422	2313.426
53	13179.816	11220.674	12451.176	5035.82	7179.712	7388.06	5941.648	1894.508	2439.278	4506.511	1169.35	5077.324	3070.539	5846.031	4268.386	3426.005	7851.992	4440.908	8361.426	1725.26	1045.824	2410.672	8230.417	3511.425	6073.144	1634.523	10613.283	10097.077	6137.548	2321.116
54	13347.234	11612.274	12656.506	5110.591	7336.095	7380.2	6152.402	1895.992	2432.845	4553.017	1168.445	5348.575	3173.998	5717.594	4233.794	3519.199	7661.688	4437.863	8529.013	1866.167	1090.585	2480.965	8855.31	3668.378	6066.771	1675.026	10321.339	9975.969	6723.302	2441.661
55	13440.958	11690.205	12513.484	4977.167	7327.609	7422.145	6337.724	1907.861	2392.766	4528.469	1142.229	5564.797	3241.121	5621.619	4229.425	3648.981	7674.62	4455.974	8939.385	2045.28	1112.661	2575.817	9587.824	3933.537	5966.19	1739.785	10085.243	9894.721	6948.885	2510.701
56	13825.021	11958.348	12533.742	4987.141	7537.322	7662.71	6520.289	1915.743	2394.249	4550.673	1145.023	5716.977	3352.111	5477.891	4291.091	3806.51	7532.886	4335.752	9178.554	2217.7	1113.197	2687.906	10303.711	4265.298	5820.725	1832.588	9880.586	9742.559	7171.23	2602.653
57	14114.719	12085.898	12395.858	4896.607	7746.498	7738.342	6611.438	1939.656	2328.866	4381.943	1121.282	5742.788	3476.185	5403.225	4385.146	4074.89	7858.351	4349.17	9771.403	2383.362	1137.434	2937.17	10772.81	4606.171	5668.427	1931.041	9847.534	9654.088	7291.838	2698.335
58	14239.489	12136.487	12274.226	4901.964	8012.991	7922.156	6792.527	2020.24	2261.621	4317.301	1111.262	5741.785	3621.738	5387.211	4488.854	4314.71	8252.94	4338.983	9952.528	2449.977	1107.468	3085.012	10953.369	4878.777	5455.86	2028.224	9926.297	9687.092	7293.054	2789.436
59	14404.893	12195.017	11988.95	4882.523	8256.133	8122.71	6751.808	2057.955	2253.145	4273.486	1111.177	5611.5	3751.78	5477.922	4638.821	4548.729	8631.045	4372.104	10107.949	2484.654	1124.285	3267.895	10928.535	5143.044	5334.032	2098.631	10197.376	9765.467	7070.487	2792.943
60	14219.776	12132.749	11685.315	4922.821	8423.08	8126.549	6756.108	2105.142	2270.275	4186.334	1115.374	5563.803	3910.26	5685.563	4817.345	4721.306	9347.438	4637.364	10561.345	2493.052	1128.373	3444.898	10782.62	5332.818	5243.393	2156.513	10571.71	9906.511	6993.201	2808.485
61	14299.253	12252.251	11546.015	5058.414	8618.966	8227.001	6881.841	2157.114	2363.744	4256.649	1150.99	5468.764	3998.318	5943.746	5021.156	4913.793	9624.971	4766.353	10330.132	2391.655	1151.126	3450.092	10353.431	5474.245	5296.752	2198.451	11151.462	10197.457	6843.894	2817.02
62	13969.936	12002.333	11156.473	5187.832	8639.777	8088.762	6739.055	2152.319	2466.831	4327.298	1163.675	5447.714	4131.286	6305.708	5259.092	5075.712	9960.687	5052.509	10290.09	2373.747	1252.508	3528.381	9935.203	5435.08	5434.292	2213.889	11633.776	10433.002	6884.024	2862.285
63	13722.032	12048.814	10957.237	5382.661	8708.573	8081.429	6759.17	2187.862	2653.87	4615.346	1198.064	5431.95	4135.036	6621.649	5381.5	5070.13	10216.032	5262.606	10310.21	2294.371	1329.051	3531.501	9496.002	5333.915	5698.661	2200.064	12174.332	10797.379	7177.89	2960.181
64	13444.436	11927.786	10679.536	5468.754	8621.966	8149.327	6939.681	2205.421	2746.991	4761.235	1210.505	5486.853	4173.208	6915.183	5468.957	5110.886	10036.134	5340.056	10088.79	2279.864	1407.823	3485.888	9140.562	5197.661	6038.852	2188.673	12549.504	11064.805	7370.215	3015.899
65	13324.429	11960.268	10501.291	5644.439	8596.121	7963.245	6905.614	2200.566	2847.078	4914.621	1237.915	5708.646	4200.369	7208.234	5554.008	5086.17	10039.292	5583.129	10241.006	2352.76	1531.381	3583.578	8952.283	5050.06	6439.488	2191.135	12760.092	11395.112	7723.582	3100.621
66	13204.112	11945.557	10292.691	5715.29	8554.678	7936.271	7066.455	2202.55	2959.769	5068.724	1254.337	5896.359	4217.174	7345.807	5600.684	5060.768	9579.045	5475.109	10108.569	2428.765	1554.013	3513.076	8988.511	5025.777	6830.454	2216.899	12813.326	11737.403	8097.179	3183.276
67	13055.282	12017.21	10155.091	5782.561	8677.288	8003.114	7035.576	2183.209	3025.184	5082.082	1236.727	6183.528	4265.607	7412.87	5690.225	5027.903	9471.555	5513.771	10311.968	2587.283	1633.9	3643.637	9272.337	5008.607	7171.742	2277.969	12593.506	11886.634	8574.965	3390.332
68	13311.823	12308.075	10077.14	5782.167	8792.957	7911.955	7187.135	2227.303	3092.246	5183.213	1247.049	6419.794	4292.308	7401.96	5731.186	5032.032	9244.129	5451.186	10503.551	2742.728	1642.396	3686.412	9809.236	5128.132	7370.905	2368.979	12304.529	11959.512	8643.059	3436.414
69	13125.823	12107.622	9797.419	5715.077	8881.112	8007.452	7310.934	2259.481	3097.406	5149.636	1243.319	6631.522	4356.277	7327.553	5711.983	5068.642	9146.534	5411.125	10850.511	2925.947	1668.164	3871.081	10383.885	5297.933	7509.85	2504.382	12086.38	12029.602	8872.149	3558.994
70	13302.506	12242.958	9756.607	5768.4	9242.954	7945.599	7294.882	2278.549	3089.197	5134.387	1251.757	6817.073	4450.752	7274.986	5790.77	5132.949	9274.7	5407.906	11245.819	3122.825	1669.096	4025.7	10966.584	5556.248	7499.412	2648.347	11819.352	11919.103	8750.456	3615.003
71	13110.143	11936.65	9338.832	5681.848	9206.868	8042.858	7396.062	2325.814	3102.666	5089.064	1257.677	6841.278	4491.437	7147.892	5803.035	5188.808	9377.382	5346.966	11434.049	3182.311	1639.102	4176.361	11456.417	5841.065	7412.225	2780.88	11817.177	11981.29	8885.367	3738.417
72	12951.551	11823.848	9184.621	5680.68	9398.411	7886.693	7283.96	2384.186	3027.282	5010.077	1274.338	6785.431	4591.202	6978.9	5897.45	5358.646	9882.683	5511.558	11987.823	3345.434	1647.388	4406.692	11655.239	6243.992	7250.671	2880.712	11708.693	11979.499	8769.398	3821.26
73	12687.135	11571.497	8752.326	5607.334	9265.401	7747.437	7300.957	2429.943	3047.916	5051.218	1323.063	6718.578	4660.897	6919.587	5974.081	5458.521	9949.279	5515.354	11846.892	3275.731	1652.868	4415.285	11787.121	6514.469	7039.861	2964.114	11914.505	12098.462	8477.822	3802.467
74	12504.928	11463.038	8532.101	5660.582	9275.735	7682.469	7173.485	2451.382	3079.329	5053.795	1343.572	6597.579	4729.382	6945.301	6110.408	5501.992	10433.024	5770.442	12090.349	3348.978	1708.853	4580.01	11674.231	6763.02	6854.388	2983.331	12106.182	12217.192	8485.576	3889.779
75	12250.304	11262.962	8221.619	5692.417	9081.373	7575.688	7181.887	2494.951	3219.114	5202.954	1386.536	6446.776	4721.457	7067.514	6336.24	5589.279	10650.977	5854.399	11844.354	3284.881	1749.922	4454.352	11491.324	6990.992	6762.654	2995.169	12457.749	12463.422	8408.72	3936.044
76	11920.884	11185.941	7999.041	5810.472	9018.087	7435.975	7138.285	2513.417	3288.073	5202.952	1385.94	6260.522	4731.405	7220.101	6461.023	5627.554	10824.771	6050.629	11811.262	3285.329	1863.261	4492.927	11147.161	7111.415	6677.254	2951.825	12849.714	12677.171	8647.016	4126.76
77	11885.927	11217.778	7811.192	5925.272	8939.818	7313.801	6857.913	2478.377	3425.747	5327.423	1401.791	6182.005	4733.091	7474.82	6727.818	5632.875	11011.595	6131.826	11836.192	3322.51	1966.304	4559.397	10765.091	7118.97	6677.335	2915.21	13326.283	12926.086	8810.083	4210.817
78	11434.995	10815.997	7467.533	5955.477	8760.258	7208.399	6850.899	2510.012	3590.183	5458.25	1417.323	6197.738	4691.067	7792.234	7032.113	5637.881	10729.626	5961.486	11520.798	3285.012	2029.899	4471.112	10437.534	7010.077	6848.724	2909.254	13625.117	13088.755	9023.182	4288.443
79	11378.144	10857.113	7377.608	6104.356	8755.923	7181.788	6755.044	2465.189	3711.584	5517.256	1401.487	6266.651	4651.726	8141.036	7189.803	5545.502	10817.756	5994.368	11722.764	3461.465	2183.298	4606.643	10226.25	6938.72	7032.001	2958.263	13836.164	13330.447	9451.137	4422.01
80	11069.277	10537.779	7030.546	5999.158	8589.509	7076.147	6579.265	2425.071	3885.057	5622.957	1397.644	6391.394	4618.062	8523.109	7354.648	5522.214	10454.134	5817.021	11549.678	3498.701	2209.239	4547.849	10199.856	6785.968	7330.45	3022.614	13950.023	13439.275	9582.515	4473.054
81	10999.654	10491.304	6872.989	6037.258	8642.521	7051.487	6548.604	2473.189	3898.715	5679.117	1397.947	6576.99	4562.321	8806.366	7434.035	5406.97	10448.451	5779.55	11812.178	3723.624	2305.578	4686.867	10512.988	6730.164	7672.425	3152.265	13948.36	13435.444	9859.331	4554.312
82	10980.161	10276.179	6614.787	5968.538	8585.216	6942.549	6511.701	2529.529	3957.298	5750.318	1412.499	6788.059	4505.153	8974.562	7454.366	5333.904	10397.855	5701.91	11920.562	3830.729	2279.347	4704.297	10914.822	6539.098	7976.93	3295.008	13854.066	13380.335	9888.965	4532.191
83	10872.816	10159.992	6443.957	5977.046	8670.972	6789.947	6410.381	2586.021	3982.222	5800.068	1424.188	7018.424	4461.849	8953.867	7509.556	5304.248	10243.071	5610.216	12098.842	3973.422	2272.372	4844.322	11531.093	6547.257	8170.88	3476.32	13700.168	13310.292	10217.805	4701.651
84	10932.625	10043.599	6286.455	5928.682	8663.01	6739.267	6346.837	2649.745	3913.721	5753.576	1437.046	7202.983	4425.42	9028.891	7499.604	5252.406	10452.883	5687.113	12516.879	4227.608	2330.468	4990.234	12128.021	6673.649	8316.759	3664.667	13607.496	13276.051	10047.369	4695.008
85	10718.135	9798.838	6048.164	5883.466	8609.659	6493.704	6267.021	2732.269	3908.425	5778.962	1473.962	7390.264	4424.959	8919.874	7395.788	5165.804	10161.849	5590.838	12502.732	4214.49	2301.547	5060.188	12736.377	6873.034	8417.688	3810.721	13413.852	13167.042	9929.935	4724.05
86	10748.558	9801.287	5964.144	5996.412	8652.946	6370.342	6213.835	2786.5	3849.559	5725.929	1486.605	7402.137	4405.186	8803.258	7283.282	5162.435	10430.726	5798.77	12838.093	4392.669	2379.885	5241.861	13177.935	7085.491	8351.67	3907.373	13370.821	13014.361	9719.121	4779.616
87	10442.113	9411.595	5717.663	5961.256	8497.665	6251.417	6181.644	2830.226	3887.036	5803.761	1523.114	7419.996	4369.957	8600.012	7183.221	5119.402	10341.779	5779.786	12467.52	4302.874	2297.662	5158.368	13405.38	7364.09	8169.005	3959.719	13341.849	12959.943	9752.715	4912.297
88	10386.679	9359.853	5645.827	6043.125	8515.918	6250.752	6126.641	2823.769	3805.437	5688.489	1525.68	7329.459	4339.715	8497.024	7109.448	5129.542	10327.561	5822.3	12461.174	4308.222	2329.192	5289.117	13586.521	7592.096	8045.288	3964.397	13440.937	13032.294	9571.53	4932.939
89	10112.2	9069.529	5427.029	5954.378	8274.181	6147.623	6070.713	2829.376	3837.211	5753.549	1561.136	7234.453	4302.393	8405.51	7089.48	5109.555	10425.207	5899.706	12423.792	4398.342	2397.096	5340.538	13468.127	7703.651	7859.71	3911.524	13590.447	13069.679	9682.604	5011.283
90	10024.442	9038.197	5361.489	6048.297	8284.644	6048.424	5829.955	2749.683	3948.265	5793.719	1571.529	7143.622	4310.596	8294.155	7142.037	5071.19	10114.23	5741.797	12092.348	4307.413	2410.055	5298.694	13144.676	7812.637	7748.202	3888.397	13753.073	13267.945	9893.004	5103.402
91	9857.302	8836.054	5147.76	5920.632	8058.698	5978.989	5793.494	2716.829	3997.508	5718.047	1572.475	7001.805	4237.101	8275.023	7191.209	5087.136	10328.842	5852.705	12271.46	4479.528	2545.819	5451.195	12931.684	7873.465	7620.762	3887.438	13921.433	13506.139	10132.698	5212.927
92	9604.581	8711.97	5016.685	5916.243	8054.67	5918.055	5755.74	2715.923	4166.678	5835.394	1593.308	6952.811	4190.919	8328.569	7231.497	5050.347	10069.517	5694.237	12164.135	4457.737	2598.827	5389.515	12727.95	7898.516	7648.339	3899.954	13946.134	13592.396	10487.609	5300.322
93	9609.678	8670.953	4892.037	5782.346	7970.843	5778.392	5632.209	2687.324	4267.818	5871.891	1591.676	6952.309	4128.833	8400.276	7285.4	4987.95	9842.987	5545.419	12082.412	4498.944	2698.436	5463.955	12723.192	7899.959	7651.113	3961.23	13968.523	13671.357	10644.49	5295.396
94	9392.725	8472.599	4752.666	5800.879	8010.299	5751.303	5582.148	2699.229	4328.066	5944.497	1608.254	7008.915	4049.141	8477.953	7322.628	4911.593	9878.409	5526.377	12177.313	4640.098	2799.745	5510.014	12821.342	7781.94	7689.112	4080.437	13913.601	13734.667	10909.16	5375.451
95	9518.277	8476.3	4722.715	5894.186	8095.825	5770.167	5624.051	2790.849	4391.575	6032.01	1642.087	7087.481	3969.055	8536.582	7349.663	4806.696	9482.668	5291.711	11927.206	4641.397	2854.433	5450.314	12967.632	7675.663	7771.104	4235.268	13764.756	13671.898	10977.474	5424.645
96	9316.528	8181.027	4511.482	5758.133	7927.528	5603.884	5551.858	2856.192	4362.64	5983.217	1655.539	7183.526	3862.826	8560.437	7285.092	4705.135	9412.37	5286.99	12254.099	4850.387	2960.075	5585.591	13204.172	7587.021	7883.395	4436.461	13553.354	13519.06	10910.65	5420.704
97	9333.231	8140.868	4464.25	5861.215	8027.91	5431.397	5527.024	2925.588	4426.152	6123.415	1721.385	7302.089	3792.618	8503.992	7149.879	4564.92	9272.737	5265.132	12198.257	4867.687	2955.657	5576.901	13431.737	7504.476	8018.436	4619.898	13375.786	13411.438	11054.294	5534.006
98	9169.893	7875.608	4312.227	5755.022	7820.521	5404.085	5508.647	2960.065	4326.35	6098.334	1745.493	7454.942	3697.464	8364.151	6995.105	4457.365	8990.577	5246.866	12094.388	4886.003	2968.551	5631.563	13749.749	7427.777	8128.54	4767.609	13104.749	13206.399	10980.789	5488.67
99	9136.326	7755.132	4251.165	5784.243	7802.352	5242.855	5511.17	3032.278	4256.43	6074.179	1765.171	7603.399	3632.144	8226.099	6806.98	4401.57	9048.844	5503.96	12352.329	5028.494	3001.444	5823.819	14187.806	7379.826	8245.428	4901.03	12955.452	13070.86	11127.812	5571.559
100	8990.514	7634.162	4139.532	5647.697	7641.762	5124.268	5454.297	3017.183	4204.434	6074.523	1779.186	7704.884	3594.634	8009.639	6693.711	4285.501	8688.754	5359.258	11914.923	4848.451	2924.273	5798.842	14525.202	7406.35	8333.742	4976.532	12831.357	12916.583	11088.41	5508.021
101	8904.325	7514.276	4094.235	5640.216	7576.229	5025.103	5316.095	2978.006	4110.435	6000.7	1782.907	7818.969	3560.694	7837.566	6509.088	4180.921	8743.163	5538.955	12175.083	4944.397	3013.182	6102.18	14694.52	7461.242	8333.629	4997.496	12685.789	12762.415	11392.595	5534.289
102	8804.065	7433.484	4017.796	5537.133	7467.413	5020.782	5382.536	2986.632	4106.833	6092.67	1813.57	7882.844	3548.161	7683.068	6409.609	4069.758	8373.813	5391.011	11643.833	4890.877	2918.148	6118.027	14635.054	7416.07	8225.31	4967.443	12630.637	12719.845	11701.539	5568.959
103	8628.201	7384.026	3973.605	5512.628	7434.3	4886.025	5280.046	2916.863	4062.839	5970.795	1802.857	7908.137	3544.895	7515.738	6299.988	3966.371	8349.168	5487.407	11766.309	4975.463	3007.781	6434.536	14502.987	7381.834	8142.379	4951.528	12578.314	12735.207	11746.692	5529.518
104	8556.354	7340.168	3904.505	5435.278	7328.396	4865.72	5270.808	2853.835	4066.355	5963.918	1813.371	7857.75	3505.563	7387.447	6162.718	3869.352	8203.26	5365.97	11486.142	4905.874	2951.964	6495.958	14281.641	7333.968	8007.006	4924.843	12542.365	12722.778	12064.343	5584.272
105	8252.297	7181.642	3806.974	5353.253	7276.304	4884.02	5298.571	2793.149	4080.034	5986.194	1812.823	7853.483	3459.583	7242.513	6076.352	3785.048	7900.11	5208.514	11172.859	4880.384	2988.194	6576.555	14029.061	7213.805	7884.406	4912.058	12500.938	12771.695	12363.241	5591.085
106	8215.258	7183.451	3755.035	5379.915	7159.71	4778.088	5264.734	2790.164	4072.416	6003.953	1826.561	7871.304	3419.483	7169.512	5995.02	3709.809	7841.684	5197.435	11175.729	4820.898	3000.625	6684.316	13828.04	7100.443	7752.628	4929.349	12428.131	12729.168	12486.353	5619.567
107	8004.027	7028.182	3683.164	5354.342	7149.578	4816.281	5247.63	2775.47	4158.213	6155.293	1868.793	7850.954	3343.438	7118.509	5916.562	3664.315	7572.999	4967.054	10917.286	4778.383	3009.487	6612.085	13563.61	6925.706	7626.116	4988.597	12260.565	12634.735	12515.951	5520.072
108	8075.316	7038.752	3697.738	5423.19	7184.846	4698.59	5169.698	2829.535	4110.178	6198.411	1895.594	7914.309	3277.917	7100.738	5806.124	3626.424	7586.053	5024.498	11151.198	4952.253	3146.204	6799.908	13435.729	6713.518	7614.862	5089.792	12056.203	12500.707	12716.262	5546.836
109	7918.724	6805.291	3579.945	5397.353	7046.099	4648.283	5241.858	2926.552	4148.393	6388.35	1957.646	7948.561	3207.054	7011.703	5714.84	3565.878	7355.348	4933.165	11002.89	4879.359	3118.64	6625.627	13323.314	6552.834	7567.693	5225.646	11791.346	12331.699	12891.898	5571.538
110	7959.162	6793.581	3587.26	5443.976	7135.776	4541.04	5147.853	2955.116	4042.625	6411.059	1969.624	8022.922	3139.274	6946.381	5543.168	3504.081	7124.921	4959.426	10944.205	4863.467	3161.499	6655.263	13283.293	6372.795	7564.69	5372.897	11569.139	12105.855	12634.875	5417.136
111	7909.649	6653.702	3492.231	5321.388	6978.791	4400.675	5147.576	3017.744	3958.134	6406.82	1957.72	8102.067	3080.059	6870.417	5412.204	3430.344	7070.49	5069.446	10986.951	4837.36	3167.247	6649.558	13281.504	6185.69	7554.612	5504.333	11311.202	11877.552	12990.705	5499.121
112	7958.457	6616.216	3476.53	5379.971	6957.716	4395.256	5223.514	3083.285	3910.247	6416.888	1951.628	8159.253	3026.741	6764.667	5326.259	3350.214	6778.854	5061.271	10654.196	4677.504	3120.242	6530.887	13350.881	5990.785	7532.675	5589.87	11035.577	11662.446	12945.225	5437.553
113	8052.219	6649.405	3466.648	5393.232	6960.281	4219.708	5104.865	3062.216	3809.658	6281.005	1910.271	8166.838	2965.605	6663.025	5182.069	3291.06	6769.34	5198.49	10777.67	4724.635	3155.934	6674.162	13352.424	5834.42	7531.17	5655.999	10818.325	11458.993	13269.077	5479.432
114	7868.087	6531.672	3412.378	5331.947	6897.44	4103.902	5162.111	3055.102	3756.57	6263.757	1925.977	8206.121	2944.438	6501.413	5064.118	3182.291	6550.498	5168.776	10512.549	4547.804	3119.19	6679.881	13301.538	5699.199	7515.591	5639.227	10589.6	11243.111	13196.153	5334.242
115	7966.859	6622.868	3453.852	5371.146	6995.678	4145.679	5207.018	3030.783	3655.383	6135.406	1904.872	8216.03	2932.972	6298.143	4975.896	3094.47	6492.643	5223.342	10453.608	4573.757	3136.602	6836.518	13199.611	5566.695	7452.308	5601.963	10416.205	11083.826	13615.997	5375.928
116	7741.771	6485.022	3367.505	5231.173	6879.69	4049.798	5125.421	2970.821	3618.889	6101.538	1904.042	8250.844	2957.396	6123.708	4891.525	3000.992	6304.433	5127.223	10152.154	4458.225	3092.286	6898.532	13015.466	5424.811	7413.974	5576.606	10307.161	10977.679	13961.234	5396.115
117	7682.562	6512.404	3383.225	5225.631	6968.508	3994.192	5214.708	2951.093	3577.921	6098.816	1905.101	8215.928	2966.451	5987.724	4806.784	2973.509	6130.798	5019.073	9894.324	4407.55	3077.523	6923.791	12710.537	5282.659	7334.967	5511.715	10161.745	10873.039	13972.144	5228.002
118	7561.369	6394.679	3318.524	5007.391	6867.843	3981.887	5198.733	2878.064	3547.289	6061.897	1904.174	8186.775	2965.619	5864.489	4733.776	2886.471	6170.331	5008.21	9893.45	4376.33	3117.404	7121.722	12542.883	5093.832	7289.823	5483.133	10032.583	10762.637	14288.467	5250.677
119	7523.805	6374.359	3317.711	5033.313	6900.75	3858.167	5172.624	2907.447	3608.296	6241.324	1941.993	8103.222	2965.511	5770.957	4639.448	2805.698	5946.894	4803.932	9604.463	4225.102	3079.684	7082.749	12266.854	4906.001	7169.291	5481.741	9849.446	10680.479	14422.375	5181.553
120	7465.063	6278.746	3245.234	4997.581	6808.546	3861.343	5228.018	2965.744	3615.333	6322.924	1976.313	8046.15	2948.656	5708.69	4575.538	2795.078	5991.411	4845.104	9728.879	4299.061	3126.337	7269.968	12079.532	4773.427	7103.718	5495.737	9692.247	10601.554	14385.994	5138.042
121	7440.409	6257.417	3234.301	5054.722	6821.712	3790.84	5107.682	2987.484	3621.38	6442.85	2026.313	7965.788	2926.733	5648.37	4492.282	2762.678	5781.194	4696.049	9527.609	4187.344	3093.126	7248.709	11849.248	4607.135	7020.396	5546.812	9513.072	10443.19	14323.342	4988.47
122	7592.713	6248.643	3227.136	5087.352	6773.889	3733.073	5205.371	3102.53	3618.894	6508.985	2009.407	7935.854	2886.809	5635.292	4416.819	2714.027	5699.335	4762.087	9571.383	4186.142	3158.016	7408.792	11640.476	4449.194	6982.368	5635.237	9305.982	10257.345	14582.518	5029.742
123	7517.332	6128.172	3199.268	5123.739	6782.789	3668.044	5157.213	3130.47	3579.469	6518.797	2024.779	7896.536	2830.127	5602.937	4353.107	2674.956	5633.004	4833.189	9483.089	4042.167	3161.344	7385.702	11497.65	4285.564	6953.572	5744.334	9115.658	10052.645	14648.262	4988.398
124	7584.453	6160.989	3213.833	5225.864	6876.386	3563.511	5188.701	3233.749	3536.159	6489.343	2006.616	7856.384	2794.958	5563.733	4273.913	2650.042	5420.896	4846.85	9394.751	3939.331	3144.545	7409.327	11357.12	4144.184	6939.684	5844.966	8912.246	9769.054	14433.132	4921.902
125	7540.632	6082.047	3149.197	5176.746	6729.135	3548.23	5212.785	3278.518	3470.42	6389.047	1973.079	7848.963	2725.917	5486.85	4175.142	2609.895	5383.167	4965.018	9464.482	3889.244	3141.999	7508.309	11267.173	3952.082	6933.663	5922.519	8733.354	9555.365	14443.16	4857.181
126	7590.552	6086.036	3172.81	5202.608	6814.9	3480.031	5151.918	3257.894	3398.333	6259.979	1947.848	7889.418	2681.771	5416.277	4120.062	2577.139	5217.492	4958.456	9293.351	3779.349	3090.38	7480.079	11165.208	3804.197	6925.776	5974.713	8598.554	9346.202	14746.39	4892.605
127	7561.944	5968.369	3135.132	5082.165	6735.62	3409.866	5237.388	3314.635	3329.779	6194.299	1930.94	7922.69	2630.651	5316.7	4024.844	2531.676	5201.751	5044.175	9308.345	3730.86	3124.776	7614.868	11098.242	3705.034	6887.792	6001.499	8447.14	9126.2	14945.659	4838.042
128	7601.255	5976.456	3157.46	5092.775	6760.622	3375.939	5219.266	3260.001	3274.657	6066.974	1913.036	7969.373	2614.094	5213.297	3954.075	2460.527	5076.267	5025.325	9093.188	3676.748	3079.199	7627.083	11016.912	3597.035	6809.507	5995.214	8311.75	8901.548	14829.796	4705.706
129	7698.145	6028.629	3158.881	5024.866	6778	3287.489	5244.312	3254.033	3189.705	5888.231	1903.737	8014.822	2610.369	5072.024	3906.694	2413.719	4983.761	4999.954	9055.515	3662.046	3087.392	7789.011	10935.041	3507.85	6748.893	5952.938	8202.295	8707.564	14963.881	4705.125