TIME	20170616_W09	20170616_W10	201702616_W11	20180127_LSM780_W08	20180127_LSM780_W09	20180127_LSM780_W10	20180127_LSM780_W11	20190127_LSM780_W12	20180203_NLO_W07	20180203_NLO_W09	20180324_W05	20180329_W08	20180329_W09	20190329_W10	20190329_W12	20180331_W02	20180331_W04	20180331_W05	20180402_W08	20180402_W09	20180402_W10	20180402_W12	20180402_W13	20180402_W14	20180403_W08	20180403_W09	20180403_W10	20180403_W11	20180403_W12	20180403_W13	20180413_W05	20180413_W06	20180413_W07	20180413_W08	20180413_W09	20180414_NLO_W04	20180414_NLO_W05	20180414_NLO_W06	20180414_NLO_W07
0	1650.321	1491.963	1826.837	2198.923	1679.964	2327.127	2623.926	2964.096	1261.855	1362.063	917.849	883.748	1335.201	1283.081	852.809	842.376	933.961	847.44	999.662	1641.475	1941.934	791.878	2091.072	1507.096	1191.103	1772.568	1518.319	742.007	1053.626	2394.092	2146.413	1020.597	1625.135	1096.104	2229.296	3640.659	1628.6	994.596	1067.277
1	1682.07	1548.006	1851.806	2259.84	1693.894	2341.796	2642.894	2949.411	1273.364	1347.762	919.82	917.504	1356.584	1275.08	850.845	861.696	958.76	889.211	1007.613	1646.848	2000.452	794.848	2109.128	1496.053	1243.278	1954.715	1634.99	726.557	1023.255	2472.173	2264.434	1063.496	1629.586	1143.001	2270.53	3755.294	1645.275	1003.065	1085.161
2	1735.356	1590.8	1874.185	2310.452	1805.381	2420.632	2695.403	2955.305	1320.043	1409.046	931.964	953.677	1396.193	1252.302	841.521	906.674	990.576	930.837	1025.845	1675.502	2063.33	817.362	2171.607	1502.964	1342.597	2155.646	1783.307	728.046	1011.618	2534.261	2442.458	1098.164	1684.688	1168.193	2363.13	3805.772	1673.707	1014.4	1088.774
3	1801.585	1622.976	1871.816	2327.515	1974.671	2534.936	2770.225	2968.466	1397.548	1486.086	985.932	996.546	1465.089	1215.032	856.889	947.668	1037.749	979.303	1061.332	1762.819	2109.062	854.678	2296.933	1535.475	1416.951	2337.869	1977.397	739.429	1023.464	2603.255	2675.193	1139.951	1790.907	1211.408	2531.562	3920.312	1811.245	1084.609	1095.427
4	1883.796	1649.16	1880.806	2244.375	2161.842	2657.383	2801.911	2943.909	1480.356	1543.425	1050.862	1043.913	1571.604	1086.974	872.351	990.408	1098.522	1013.923	1090.486	1924.019	2154.171	867.423	2466.212	1568.223	1536.593	2514.369	2197.821	749.676	1041.821	2648.308	2923.798	1182.776	1919.672	1272.869	2780.465	3995.238	1844.968	1128.001	1076.45
5	1987.439	1677.47	1891.366	2229.804	2394.092	2838.15	2925.377	3016.62	1550.664	1623.739	1140.631	1094.046	1734.846	1013.105	893.299	1030.585	1142.529	1041.419	1072.24	2070.73	2191.552	888.723	2684.487	1669.228	1698.626	2675.988	2431.939	763.03	1088.376	2723.782	3158.525	1228.494	2049.349	1347.272	3081.008	4226.901	1779.7	1178.425	1082.861
6	2073.006	1693.81	1908.037	2143.661	2531.423	2934.022	2999.187	3068.919	1671.335	1675.134	1240.594	1154.114	1970.354	982.907	925.973	1082.568	1194.125	1077.138	1051.968	2313.246	2332.722	922.222	2952.194	1768.843	1889.663	2791.405	2642.413	771.997	1147.421	2831.791	3337.596	1297.566	2203.407	1436.218	3404.024	4735.846	1824.827	1226.549	1084.322
7	2158.054	1709.369	1972.906	2151.58	2679.85	3106.098	3205.782	3259.854	1743.301	1716.379	1305.331	1224.234	2233.678	981.328	976.445	1146.779	1233.738	1105.048	1024.557	2452.755	2416.632	923.054	3103.334	1842.768	2134.17	2909.637	2864.875	795.274	1184.29	3008.283	3455.857	1368.496	2344.156	1500.863	3699.058	5388.474	1906.456	1264.735	1094.422
8	2210.799	1728.519	2047.651	2167.705	2724.397	3157.789	3362.145	3419.634	1838.28	1694.351	1380.455	1297.836	2513.092	978.978	1055.508	1236.917	1270.427	1128.488	1022.119	2619.846	2649.699	939.587	3337.561	1981.044	2399.327	3008.635	3014.69	818.591	1219.746	3256.011	3527.13	1412.606	2473.48	1576.068	3913.139	6011.737	1955.942	1237.286	1090.8
9	2248.437	1777.679	2149.161	2259.353	2728.965	3226.28	3632.414	3708.224	1922.511	1668.727	1411.99	1375.814	2781.925	985.38	1153.793	1370.259	1292.267	1142.095	997.732	2681.033	2839.899	929.901	3343.983	2029.371	2626.607	3128.732	3142.655	835.398	1237.361	3522.138	3524.844	1511.577	2587.601	1628.243	4112.271	6678.008	2073.528	1245.17	1139.915
10	2251.608	1836.198	2241.823	2407.622	2685.661	3220.997	3851.323	4001.925	2023.038	1692.047	1449.208	1461.938	2960.49	998.635	1260.579	1504.567	1325.373	1188.199	1038.245	2771.969	3117.448	934.295	3397.101	2140.334	2806.694	3266.036	3248.02	855.373	1258.595	3814.791	3517.147	1630.83	2682.94	1672.789	4194.776	7140.293	2260.944	1187.45	1180.131
11	2245.47	1903.844	2325.824	2589.771	2646.981	3231.446	4133.858	4336.897	2044.059	1678.373	1477.631	1593.915	3099.673	1036.426	1358.53	1629.994	1346.802	1239.118	1088.478	2822.383	3371.987	921.829	3360.654	2252.793	2970.14	3431.496	3303.808	848.539	1262.539	4056.188	3523.61	1838.965	2758.686	1771.951	4224.433	7419.175	2530.786	1187.429	1259.913
12	2228.651	1991.071	2379.334	2820.854	2655.309	3283.652	4421.357	4678.83	2065.84	1708.727	1493.849	1741.885	3141.319	1084.998	1433.212	1751.374	1367.512	1312.927	1127.847	2784.727	3474.153	910.335	3313.021	2378.527	3073.955	3642.595	3376.979	853.793	1263.774	4245.769	3604.981	2062.342	2873.028	1869.106	4226.569	7423.556	2763.188	1188.607	1327.594
13	2209.545	2070.622	2393.228	2904.43	2590.605	3261.614	4439.027	4776.661	2129.325	1741.905	1517.478	1908.234	3163.844	1149.616	1505.418	1844.135	1404.056	1396.725	1204.478	2806.221	3593.049	912.401	3324.804	2558.581	3138.618	3882.188	3438.28	852.441	1258.906	4345.083	3822.459	2305.314	3055.531	2051.677	4239.68	7366.5	2983.854	1187.417	1336.007
14	2198.428	2156.862	2386.534	2990.308	2631.565	3351.155	4616.138	5070.74	2170.557	1788.974	1517.152	2147.244	3148.282	1211.901	1536.281	1921.428	1457.092	1509.563	1217.881	2802.388	3503.205	915.803	3262.32	2655.959	3100.361	4086.867	3528.358	820.528	1220.164	4366.19	4158.874	2609.993	3307.919	2238.131	4272.063	7140.395	3175.181	1235.199	1362.463
15	2213.163	2241.39	2366.58	2981.501	2701.123	3441.528	4594.319	5156.858	2267.778	1901.541	1578.782	2381.543	3098.459	1277.978	1542.932	1976.958	1529.43	1604.327	1245.598	2962.658	3496.527	958.747	3342.655	2846.806	3070.884	4311	3656.062	800.081	1198.548	4319.79	4600.063	2873.469	3606.288	2469.081	4381.788	7102.473	3459.272	1299.587	1367.985
16	2260.25	2300.567	2334.385	2964.943	2852.614	3611.847	4594.845	5266.288	2431.059	1972.803	1645.679	2610.267	3046.545	1344.157	1537.774	1995.823	1597.128	1680.086	1281.07	3203.262	3471.832	996.873	3482.639	3030.246	3018.869	4459.468	3812.055	782.139	1190.8	4226.095	5073.869	3083.3	3935.509	2697.544	4549.645	6915.543	3604.537	1367.079	1373.781
17	2345.596	2329.944	2301.046	2898.637	3046.785	3776.874	4597.095	5286.077	2588.312	2043.859	1746.887	2818.618	2976.431	1393.23	1504.426	2022.521	1686.64	1734.623	1250.237	3364.632	3384.413	1017.553	3666.831	3175.645	2979.276	4547.18	3978.921	760.329	1156.284	4117.588	5465.218	3234.889	4245.741	2863.563	4810.825	6897.504	3649.842	1383.59	1351.123
18	2444.466	2333.51	2276.577	2775.079	3215.324	3908.599	4570.029	5348.626	2836.958	2117.885	1907.406	2987.771	2997.495	1424.088	1466.141	2057.478	1775.874	1762.65	1245.05	3647.638	3395.38	1068.822	4010.274	3444.794	2974.16	4577.753	4154.467	738.584	1162.421	4039.095	5688.317	3298.955	4565.5	2957.7	5148.24	6999.552	3693.286	1401.609	1347.356
19	2555.059	2318.475	2262.146	2727.11	3419.945	4074.608	4633.865	5467.235	3013.763	2114.635	2066.961	3127.142	3046.631	1452.862	1446.172	2127.279	1859.521	1774.138	1186.912	3796.738	3378.335	1088.708	4183.886	3561.338	3049.354	4533.042	4297.635	728.308	1179.753	3972.544	5846.392	3332.996	4793.941	3019.633	5535.212	7437.7	3733.737	1403.975	1353.85
20	2662.977	2297.687	2284.527	2609.346	3480.703	4086.533	4574.107	5409.602	3106.819	2122.479	2248.409	3203.904	3196.585	1441.922	1434.849	2246.111	1913.026	1763.932	1165.817	3979.437	3558.272	1112.798	4466.292	3841.538	3161.035	4453.812	4430.524	728.046	1173.269	3999.212	5858.698	3311.587	4982.117	3015.682	5865.391	8057.931	3762.022	1404.434	1399.32
21	2747.16	2285.271	2337.114	2600.171	3518.492	4172.835	4722.445	5611.59	3248.529	2108.411	2371.724	3282.238	3436.235	1459.479	1460.793	2418.864	1956.085	1746.19	1146.055	4054.098	3824.715	1116.824	4539.18	4001.786	3338.045	4353.975	4538.402	742.744	1176.092	4156.559	5762.501	3267.236	5099.626	2994.131	6143.792	8630.214	3738.254	1333.125	1442.174
22	2795.733	2265.701	2437.269	2632.696	3472.151	4195.376	4880.117	5936.536	3234.756	2090.155	2470.708	3306.84	3724.697	1466.85	1545.35	2641.349	1973.54	1732.332	1170.905	4083.108	4178.557	1123.562	4592.403	4232.125	3555.803	4289.68	4610.897	758.637	1190.196	4449.483	5605.097	3197.385	5155.529	2943.128	6324.106	9388.419	3904.245	1300.862	1531.208
23	2797.495	2290.14	2546.738	2789.705	3458.485	4276.632	5160.701	6439.064	3205.413	2071.185	2519.34	3314.821	3991.975	1486.582	1652.099	2864.393	1977.434	1750.652	1220.537	4106.817	4630.116	1143.343	4636.181	4417.032	3803.317	4278.169	4650.328	782.818	1160.262	4826.192	5419.386	3132.459	5150.124	2873.595	6352.068	10026.271	4131.484	1246.197	1646.298
24	2777.824	2337.069	2665.116	3029.494	3403.125	4348.07	5486.189	7041.932	3265.135	2101.784	2496.326	3335.928	4217.981	1537.856	1786.631	3073.156	1984.706	1801.444	1289.15	3991.574	4839.56	1153.195	4533.786	4614.02	4058.528	4404.422	4676.749	793.283	1157.132	5236.612	5203.209	3105.774	5097.957	2806.507	6277.302	10508.281	4648.303	1260.828	1818.366
25	2729.757	2416.907	2750.837	3292.233	3346.97	4451.609	5855.82	7644.759	3217.801	2131.897	2487.518	3374.154	4342.191	1586.471	1917.761	3212.599	1994.546	1892.153	1385.498	4006.097	5160.353	1181.157	4551.815	4790.154	4223.131	4664.34	4727.446	812.178	1121.197	5566.435	5120.6	3177.142	5054.863	2794.782	6146.735	10557.915	5106.445	1282.358	1952.752
26	2686.322	2530.782	2805.373	3629.719	3407.809	4648.005	6267.511	8391.172	3226.212	2179.499	2444.512	3432.329	4428.63	1652.373	2062.761	3309.052	2021.492	2033.282	1444.381	3941.333	5055.638	1198.443	4404.96	4851.132	4314.053	5019.859	4782.143	824.905	1091.712	5817.358	5234.021	3373.624	5138.548	2875.81	6038.804	10634.653	5661.145	1326.107	2037.095
27	2645.238	2646.858	2832.155	3766.657	3384.841	4718.821	6408.875	8869.982	3291.031	2218.195	2425.054	3585.672	4379.499	1743.675	2153.642	3342.761	2060.71	2197.812	1479.743	4096.316	5110.216	1252.834	4478.888	5084.83	4303.234	5487.671	4820.548	824.396	1059.262	5968.151	5609.703	3659.208	5309.068	3035.969	5929.721	10494.824	6232.576	1408.701	2162.947
28	2640.859	2761.277	2846.598	3917.763	3473.345	4835.067	6548.896	9370.614	3371.486	2302.279	2389.6	3784.001	4330.648	1837.569	2200.001	3316.751	2114.074	2349.63	1494.644	4298.607	4927.557	1286.528	4520.789	5087.41	4220.806	5855.15	4858.945	817.909	1025.917	5989.224	6170.87	3934.205	5545.34	3260.149	5908.011	10325.918	6630.48	1489.465	2236.165
29	2636.954	2829.596	2806.62	3920.283	3561.637	4857.409	6438.048	9545.133	3383.984	2322.394	2395.488	3972.764	4207.058	1924.894	2195.661	3263.292	2161.079	2470.591	1471.031	4523.372	4834.208	1330.714	4675.896	5216.685	4139.575	6119.97	4872.842	809.761	999.272	5913.636	6757.5	4155.159	5764.408	3464.965	5938.123	9973.857	6896.246	1558.385	2316.102
30	2646.55	2886.658	2780.033	3886.646	3653.324	4859.782	6349.935	9631.64	3447.354	2353.333	2416.644	4194.63	4085.891	1988.568	2167.12	3221.348	2205.505	2550.243	1461.315	4790.261	4715.682	1385.002	4847.413	5325.074	3999.406	6233.657	4883.339	791.507	978.016	5744.809	7279.484	4322.507	6008.436	3654.733	6133.377	9532.465	6801.928	1570.242	2333.263
31	2682.345	2887.693	2745.237	3805.31	3743.392	4853.565	6178.429	9615.518	3491.135	2371.755	2457.58	4367.125	3933.008	2022.135	2089.578	3156.22	2253.226	2584.627	1390.68	4840.352	4503.369	1404.242	4994.687	5313.603	3862.021	6222.224	4836.878	782.729	980.759	5573.92	7575.74	4368.974	6155.38	3778.128	6394.995	9378.408	6808.03	1584.392	2359.458
32	2752.46	2870.851	2710.596	3609.854	3736.084	4763.593	5933.839	9478.512	3532.42	2352.484	2569.597	4495.341	3809.904	2061.025	2021.862	3135.976	2332.812	2577.926	1379.423	5032.676	4609.447	1484.393	5357.183	5638.392	3720.49	6117.142	4783.971	769.111	976.451	5395.099	7727.648	4379.244	6304.876	3867.663	6840.404	9280.964	6754.906	1565.842	2447.96
33	2856.377	2827.886	2734.497	3454.899	3768.16	4752.734	5804.488	9488.436	3482.509	2324.272	2709.034	4654.187	3781.005	2090.741	1941.988	3185.323	2414.766	2545.027	1345.622	5031.977	4647.258	1506.739	5570.397	5701.084	3661.209	5903.551	4776.279	769.227	986.071	5312.521	7685.763	4317.214	6407.717	3894.933	7419.999	9488.1	6690.521	1559.769	2673.128
34	3008.792	2788.141	2815.86	3271.99	3641.106	4662.108	5551.64	9240.252	3531.632	2335.836	2911.851	4706.231	3838.757	2127.111	1900.561	3319.219	2492.234	2492.283	1338.917	5062.748	4949.935	1557.326	5909.086	6014.705	3619.851	5683.03	4803.612	774.364	1034.644	5386.385	7533.271	4219.5	6537.153	3904.204	8038.675	9624.487	6495.33	1521.808	2925.268
35	3170.764	2753.116	2947.879	3169.214	3647.085	4776.096	5520.718	9339.782	3600.624	2388.74	3087.233	4732.264	4050.378	2155.501	1903.628	3544.184	2571.044	2447.172	1421.084	5176.305	5470.251	1631.769	6227.489	6392.226	3668.642	5432.945	4877.243	794.49	1083.972	5641.995	7316.386	4116.284	6581.81	3818.806	8543.013	10298.912	6573.472	1512.927	3280.905
36	3342.312	2774.473	3133.979	3097.952	3614.06	4895.878	5510.393	9618.943	3630.467	2479.152	3201.024	4741.09	4330.414	2210.678	1947.109	3864.546	2636.527	2419.457	1499.399	5082.849	5829.264	1658.62	6210.563	6597.497	3854.337	5239.417	5027.663	810.072	1129.896	6060.752	6986.304	3974.513	6612.907	3732.828	8920.546	10955.217	6887.997	1507.906	3728.576
37	3491.271	2824.802	3361.348	3141.245	3653.901	5154.717	5739.217	10245.066	3769.095	2600.413	3299.63	4785.758	4787.083	2295.552	2040.603	4199.781	2688.031	2426.171	1679.157	5278.266	6481.121	1756.253	6420.556	7027.118	4159.208	5137.711	5301.628	835.7	1174.164	6610.368	6738.129	3904.782	6645.469	3665.926	9209.418	12177.653	7598.318	1564.289	4162.001
38	3588.79	2912.692	3566.243	3312.764	3757.139	5457.042	6104.278	11012.612	3963.347	2751.202	3316.19	4844.579	5244.649	2421.999	2203.585	4566.756	2735.741	2536.029	1795.309	5361.255	6806.355	1794.934	6342.408	7093.144	4546.589	5258.662	5714.94	872.378	1201.004	7154.095	6617.963	3922.299	6672.817	3613.941	9180.283	12850.628	8269.677	1641.459	4535.474
39	3625.162	3023.987	3709.605	3479.287	3832.985	5711.904	6406.355	11895.142	4222.569	2939.625	3328.87	4939.643	5720.516	2557.401	2397.481	4839.947	2776.124	2693.239	1929.104	5667.121	7150.173	1877.923	6456.923	7382.626	4921.95	5600.731	6125.947	912.447	1251.156	7679.476	6672.796	4085.173	6801.165	3682.557	9108.188	13718.55	9248.581	1749.082	4721.084
40	3643.344	3180.826	3818.314	3808.868	4016.448	6044.231	6889.16	12897.786	4390.574	3040.814	3337.821	5042.068	6097.713	2705.639	2575.882	5037.763	2833.287	2926.444	2011.957	5987.178	7227.667	1936.747	6342.289	7355.134	5312.048	6084.31	6589.292	942.741	1273.427	8075.009	7022.111	4388.656	7045.35	3806.482	8998.654	14046.306	10144.013	1883.844	4914.088
41	3621.031	3289.584	3830.721	4009.077	4086.342	6103.84	7101.391	13243.846	4574.632	3132.497	3259.22	5209.942	6261.062	2883.344	2703.264	5117.197	2856.351	3140.559	2064.577	6323.944	7202.407	2004.894	6394.375	7485.727	5567.197	6606.388	6975.48	969.948	1270.526	8270.044	7413.352	4742.48	7260.789	3980.503	8820.688	14516.09	10790.573	1989.057	4914.546
42	3569.771	3375.271	3798.088	4196.14	4173.305	6144.416	7218.956	13710.296	4656.024	3138.195	3231.394	5388.489	6324.295	3015.823	2758.672	5097.227	2859.236	3292.403	2093.656	6564.766	7032.912	2051.645	6351.75	7392.313	5710.177	7000.134	7221.244	984.758	1240.167	8216.079	7876.076	5029.179	7425.73	4134.798	8626.06	14470.176	11286.47	2091.101	4999.184
43	3498.488	3410.37	3713.589	4256.668	4187.812	6114.781	7129.984	13649.991	4620.133	3069.344	3113.189	5507.236	6178.61	3118.962	2761.939	4991.232	2832.131	3390.662	2049.622	6499.586	6637.609	2011.791	6155.799	7142.649	5672.484	7219.509	7320.8	988.975	1222.632	8079.325	8207.155	5208.018	7415.93	4223.562	8451.696	13942.208	11314.919	2087.289	4838.066
44	3406.608	3408.392	3593.666	4267.519	4149.715	6012.258	7061.121	13587.889	4542.456	3032.419	3040.854	5573.551	5963.374	3176.528	2718.193	4841.257	2793.279	3398.109	2067.614	6566.759	6443.363	2051.399	6206.095	7145.99	5538.97	7273.991	7358.744	987.695	1215.236	7901.646	8326.475	5295.806	7321.361	4293.01	8309.606	13355.963	11332.908	2110.239	4799.792
45	3338.784	3344.979	3497.591	4261.274	4100.479	5849.427	6964.946	13553.345	4455.733	2919.825	3008.401	5629.825	5691.159	3192.978	2641.888	4682.133	2703.779	3364.85	1980.637	6280.274	6011.801	1994.696	6019.151	6909.09	5354.449	7160.749	7204.572	977.618	1182.669	7654.087	8269.431	5282.911	7226.786	4305.173	8297.85	12671.753	11036.988	2074.404	4756.838
46	3276.305	3295.075	3408.841	4068.29	3909.525	5500.88	6613.881	13145.127	4262.055	2803.86	2985.753	5648.009	5514.994	3215.649	2560.979	4534.285	2662.144	3299.369	1960.39	6064.658	5877.036	2024.225	6172.089	6993.155	5099.385	6995.229	6998.759	972.408	1171.569	7373.018	8135.095	5227.944	7115.247	4299.962	8506.827	12317.147	10973.334	2095.473	4916.51
47	3249.455	3215.898	3374.275	3933.968	3829.635	5367.129	6431.001	13112.652	4164.921	2728.149	3046.777	5677.766	5264.555	3221.768	2464.421	4438.572	2638.216	3214.504	2001.689	5998.884	5836.627	2086.639	6438.637	7288.587	4891.274	6742.07	6751.407	958.977	1186.369	7183.54	7880.165	5102.486	6972.732	4297.094	8882.49	11580.928	10576.332	2070.459	5212.804
48	3287.303	3175.305	3398.319	3732.284	3706.148	5143.901	6112.105	12712.577	4013.82	2695.725	3138.065	5707.314	5089.22	3263.602	2378.545	4426.582	2672.142	3103.446	2006.737	5674.706	5765.606	2161.349	6805.425	7487.791	4667.95	6428.562	6486.19	965.459	1210.497	7205.297	7603.588	4973.461	6931.484	4310.99	9515.326	11417.447	10434.177	2093.868	5617.42
49	3430.081	3152.443	3520.9	3595.21	3709.533	5121.048	5982.119	12839.278	3856.767	2682.399	3350.388	5696.211	5004.711	3285.693	2338.161	4515.664	2748.987	3022.964	2112.776	5701.05	6224.109	2372.984	7552.618	8226.363	4499.837	6122.458	6259.84	954.66	1238.131	7369.889	7279.046	4817.797	6958.001	4311.625	10138.938	11396.856	10231.817	2139.087	6087.071
50	3624.648	3210.75	3700.075	3494.461	3767.839	5154.55	5823.862	12884.285	3907.005	2776.532	3591.627	5708.28	5122.511	3357.5	2359.57	4738.486	2895.337	2989.809	2202.517	5713.968	6583.278	2504.829	7964.622	8539.363	4442.615	5868.173	6102.604	965.265	1281.19	7750.92	7044.061	4682.661	7186.351	4395.669	10765.04	12247.739	10646.071	2307.593	6670.98
51	3877.036	3289.686	3932.647	3488.556	3957.229	5483.379	5939.134	13375	3971.42	2944.633	3954.118	5759.952	5454.59	3458.688	2433.994	5058.04	3124.507	3048.032	2307.473	5986.206	7250.496	2718.614	8548.884	9047.329	4504.198	5685.733	6045.761	985.03	1335.277	8270.386	6956.386	4679.269	7586.94	4573.253	11288.959	13348.655	11242.175	2527.828	7081.156
52	4132.005	3418.08	4150.407	3555.272	4265.235	5769.291	6125.088	14001.078	4204.332	3243.254	4258.853	5841.188	5887.72	3590.473	2584.845	5426.253	3407.566	3224.798	2453.388	6686.473	8036.592	2900.214	9110.401	9538.383	4641.593	5672.717	6083.459	1013.106	1377.573	8834.647	7081.791	4798.327	8216.57	4883.498	11733.511	14790.602	12060.256	2731.324	7150.772
53	4361.142	3547.515	4294.978	3619.547	4581.142	6171.405	6416.098	14695.04	4362.078	3466.312	4456.124	5923.616	6382.765	3755.805	2748.001	5785.899	3676.546	3464.374	2438.572	7005.238	8283.226	2957.885	9066.409	9485.946	4874.7	5826.949	6304.521	1033.598	1412.298	9418.957	7356.906	5014.917	8854.837	5145.207	11884.967	16151.634	13032.935	2903.237	7220.85
54	4511.874	3673.303	4390.577	3807.495	4951.368	6568.326	6732.504	15272.379	4596.47	3723.941	4544.413	6014.027	6795.858	3913.643	2904.676	6075.582	3900.653	3679.859	2480.095	7583.703	8689.364	3046.368	9219.034	9603.783	5124.015	6052.409	6519.224	1058.287	1431.891	9777.037	7760.482	5288.069	9315.498	5369.155	11831.562	17772.057	13979.099	3034.149	7034.84
55	4562.815	3742.531	4374.04	3862.851	5053.288	6551.899	6725.004	15329.937	4830.555	3898.107	4499.908	6105.545	7027.36	3994.101	2992.817	6238.61	4002.175	3840.45	2465.082	7947.042	8701.768	3019.582	8880.249	9192.188	5340.798	6286.085	6802.814	1076.588	1439.206	9979.547	8191.868	5545.082	9652.394	5471.591	11606.236	18272.254	14691.913	3138.181	6962.509
56	4550.356	3779.214	4301.234	3994.264	5154.463	6695.243	6896.331	15513.504	4846.401	3853.368	4452.61	6130.89	7074.675	4031.972	3036.399	6274.273	4055.69	3951.262	2426.591	8038.068	8453.158	3005.491	8648.871	8970.642	5438.783	6478.031	7072.882	1085.409	1439.796	10060.608	8466.037	5705.616	9730.085	5526.975	11238.628	18063.479	14778.497	3104.5	6667.574
57	4464.585	3756.069	4190.812	4005.237	5077.331	6504.258	6723.492	15131.034	4890.985	3928.31	4235.783	6161.242	6965.362	4038.007	3025.845	6158.297	4024.676	3971.626	2414.649	8159.396	8293.428	3009.121	8415.744	8655.297	5405.037	6597.705	7213.24	1067.279	1427.535	9898.411	8571.592	5786.79	9619.697	5505.353	10797.145	17878.926	14937.491	3104.57	6446.613
58	4318.493	3720.219	4065.577	4060.025	5008.91	6361.008	6667.922	15105.178	4906.374	3783.985	4098.659	6088.102	6742.72	3996.411	3029.398	6016.868	3912.462	3910.777	2359.202	7783.07	7737.038	2925.88	7910.871	8166.592	5307.123	6612.56	7289.163	1050.214	1425.703	9686.448	8577.187	5780.349	9356.969	5444.279	10470.983	17508.691	14757.746	3012.772	6251.14
59	4181.851	3680.522	3931.601	4024.668	4844.519	6093.076	6419.175	14589.942	4773.929	3710.424	3902.192	6069.974	6463.3	3917.181	3001.197	5814.71	3767.25	3804.024	2348.951	7552	7389.469	2961.034	7737.564	8166.848	5182.452	6600.234	7326.338	1034.413	1424.551	9421.073	8431.678	5718.987	9071.199	5284.117	10189.652	16746.6	14629.419	3009.884	6482.334
60	4019.599	3623.643	3835.331	4014.837	4703.653	5919.345	6221.023	14410.786	4715.62	3599.774	3691.387	6042.533	6152.428	3838.56	2905.549	5584.82	3621.381	3676.939	2385.171	7211.824	7061.52	3008.994	7493.596	8052.616	5018.441	6487.748	7296.961	1017.444	1450.907	9152.201	8206.957	5592.023	8711.804	5106.498	10074.107	15932.312	14171.574	2917.721	6694.734
61	3900.156	3586.063	3779.87	3949.847	4596.578	5701.4	5995.208	13989.164	4554.071	3503.5	3599.392	5953.923	5849.096	3752.249	2865.272	5405.401	3451.57	3521.085	2415.105	6737.526	6640.778	3078.607	7450.444	8224.174	4865.245	6398.886	7222.651	997.336	1492.94	9032.866	7940.714	5464.978	8357.315	4986.738	10287.613	15148.49	13978.924	2934.141	7142.9
62	3836.735	3589.646	3797.905	3885.421	4592.041	5590.174	5829.191	13833.843	4375.542	3417.428	3543.922	5999.034	5613.898	3718.005	2835.522	5325.212	3294.829	3382.451	2532.281	6574.657	6625.941	3362.662	8152.787	9045.221	4719.214	6273.317	7167.526	987.901	1553.255	9044.576	7691.784	5308.212	8016.892	4898.805	10739.569	14445.612	13748.093	3062.7	7842.709
63	3869.344	3665.113	3894.639	3931.084	4754.391	5678.613	5824.97	13974.43	4388.346	3354.004	3682.78	6015.636	5447.361	3672.019	2846.57	5301.714	3209.264	3310.397	2596.294	6244.917	6608.463	3568.974	8731.088	9717.226	4657.625	6172.136	7059.802	988.388	1621.965	9266.851	7497.208	5213.947	7843.255	4943.461	11448.915	14532.881	13771.543	3328.17	8531.363
64	4019.076	3781.871	4076.055	3844.023	4910.314	5652.332	5684.498	13914.953	4318.59	3338.745	3955.937	6148.958	5509.711	3704.733	2916.837	5407.361	3227.461	3320.547	2661.978	6199.397	6998.657	3901.091	9863.854	10758.948	4691.804	6185.001	7068.02	997.213	1715.898	9652.52	7361.884	5221.543	8015.475	5198.059	12302.259	14505.993	13733.591	3614.059	8927.021
65	4245.856	3945.613	4275.242	3906.935	5248.408	5930.631	5754.42	14425.55	4344.025	3398.571	4362.018	6324.24	5706.279	3799.902	3024.664	5638.992	3347.805	3462.21	2769.624	6425.547	7709.533	4226.906	10868.213	11373.617	4839.167	6304.617	7155.111	1029.507	1808.036	10182.274	7452.58	5359.754	8571.389	5653.467	13125.742	15215.926	14435.274	3966.134	9237.226
66	4517.205	4096.333	4436.566	3883.644	5484.808	6072.425	5671.299	14510.856	4290.042	3383.411	4781.535	6491.215	6046.258	3985.756	3127.599	5913.803	3577.216	3693.037	2773.113	6634.958	8232.028	4380.619	11355.128	11575.751	5065.189	6536.643	7349.154	1067.539	1859.848	10828.069	7690.319	5569.734	9329.595	6206.567	13768.756	15949.854	14756.104	4204.889	9276.916
67	4726.528	4228.324	4525.594	3961.381	5756.131	6208.783	5676.873	14873.461	4348.375	3397.68	5010.565	6679.094	6355.516	4123.633	3245.494	6170.062	3851.547	3959.608	2841.821	7117.596	9005.05	4595.297	12025.655	11892.221	5315.546	6804.317	7525.582	1101.55	1887.045	11296.384	8040.192	5840.954	10123.108	6692.512	14131.769	17283.805	15479.601	4413.028	9084.811
68	4885.694	4265.996	4560.29	4040.252	5938.029	6263.958	5558.963	14804.707	4414.089	3397.377	5225.497	6760.084	6581.017	4256.109	3313.235	6337.411	4065.887	4176.482	2790.46	7338.964	9128.512	4464.592	11655.993	11328.311	5503.236	7034.491	7801.509	1129.173	1902.188	11698.161	8342.027	6039.243	10652.894	7054.472	14168.376	17757.611	15591.252	4464.089	8971.853
69	4911.212	4283.057	4504.09	4074.673	6026.514	6310.775	5463.058	14844.454	4347.591	3391.265	5216.963	6746.323	6680.197	4288.87	3336.691	6417.29	4230.214	4330.142	2798.134	7662.233	9390.016	4518.709	11734.975	11298.2	5640.256	7199.518	7956.536	1148.664	1891.23	11886.414	8625.867	6193.657	11079.342	7317.898	14029.66	18358.309	15730.029	4399.356	8543.091
70	4888.156	4259.192	4422.175	4158.556	6070.075	6266.897	5321.586	14554.597	4348.941	3335.039	5222.558	6635.315	6660.923	4302.931	3309.314	6353.259	4331.14	4412.722	2759.852	7749.775	9185.017	4295.229	11057.031	10529.499	5690.769	7337.787	8068.6	1156.467	1868.717	11911.283	8742.467	6327.252	11194.026	7389.75	13637.013	18433.277	15639.246	4337.53	8311.212
71	4773.495	4175.524	4300.676	4048.395	5820.84	6061.446	5093.059	14219.784	4223.021	3225.286	4996.457	6490.058	6546.744	4238.064	3232.207	6243.932	4322.086	4426.507	2720.353	7728.506	8860.133	4163.008	10542.353	10265.516	5638.009	7316.84	8061.247	1153.218	1844.068	11768.137	8770.871	6339.184	11076.842	7453.696	13136.022	18183.027	15249.404	4162.445	7980.535
72	4656.75	4090.94	4173.349	4050.675	5741.629	5944.111	4992.345	14081.199	4193.597	3153.415	4761.582	6339.491	6387.636	4180.202	3206.757	6073.357	4275.51	4381.451	2746.662	7692.586	8581.185	4109.54	10153.371	9961.567	5583.348	7258.347	8027.746	1147.718	1825.124	11567.429	8616.407	6278.807	10801.145	7332.604	12544.506	18101.602	15145.109	4127.125	8115.618
73	4488.021	4038.119	4063.733	3902.944	5486.413	5655.457	4697.765	13492.725	4060.525	2997.963	4622.61	6122.08	6137.216	4094.504	3083.391	5903.131	4202.473	4308.042	2711.089	7417.606	8025.022	4059.156	9657.565	9694.377	5436.726	7161.739	7997.323	1137.594	1819.881	11359.813	8479.134	6190.868	10533.905	7167.479	12125.781	17382.156	14654.575	3997.999	8405.515
74	4337.409	3947.934	3976.103	3840.837	5371.103	5528.569	4569.092	13385.308	3964.979	2916.771	4421.438	5914.228	5931.84	4025.913	2987.513	5695.153	4088.931	4205.744	2765.853	7334.242	7713.046	4169.218	9478.274	9896.239	5309.722	7038.994	7946.161	1133.506	1840.648	11193.285	8286.749	6084.859	10229.124	6926.986	11812.1	17056.611	14353.778	3951.831	8791.403
75	4200.833	3938.896	3926.847	3689.429	5227.433	5333.487	4351.347	12874.576	3911.406	2867.206	4331.992	5760.898	5767.059	4001.067	2887.446	5520.176	3974.911	4098.676	2742.875	6961.381	7243.32	4243.714	9184.406	10028.601	5197.997	6956.111	7866.985	1136.445	1890.559	11062.259	8023.939	5985.563	9970.575	6657.99	11851.45	16415.578	13793.257	4025.687	9484.908
76	4092.447	3978.923	3965.15	3638.757	5253.754	5325.383	4291.803	12788.902	3834.497	2817.528	4219.907	5681.659	5633.272	4024.026	2795.364	5434.622	3851.624	4017.006	2805.146	6798.636	7072.101	4528.698	9473.679	10847.183	5166.119	6910.538	7854.646	1152.827	1969.917	11124.92	7797.084	5948.047	9640.498	6399.882	12145.094	16590.34	13899.562	4339.999	10241.95
77	4068.338	4094.111	4090.935	3581.108	5308.931	5330.83	4196.9	12540.256	3780.463	2804.549	4259.562	5702.951	5612.984	4106.266	2843.558	5449.001	3715.268	3987.678	2899.658	6736.308	7104.526	4838.633	10024.696	11546.521	5191.124	6952.199	7878.544	1197.973	2050.481	11340.266	7656.671	6020.598	9621.753	6262.975	12938.932	16244.92	13576.46	4594.702	10702.867
78	4106.551	4239.076	4266.865	3561.431	5500.112	5462.394	4162.985	12628.057	3785.39	2737.011	4432.912	5775.69	5731.768	4232.421	2905.02	5544.539	3718.644	4032.001	2909.723	6648.675	7236.646	5156.702	10708.573	12228.572	5285.876	7046.012	7905.773	1248.376	2148.595	11660.197	7605.141	6203.62	9683.583	6234.827	13846.485	16561.436	13823.803	4971.096	11195.424
79	4203.879	4381.959	4460.026	3576.356	5701.246	5564.448	4177.305	12615.854	3758.293	2740.956	4577.564	5979.462	5962.573	4429.765	2938.297	5734.139	3796.739	4098.758	3063.87	6913.054	7734.205	5582.371	11647.653	12938.016	5483.796	7249.881	7966.91	1298.792	2200.56	11973.367	7769.821	6445.005	10087.24	6278.53	14829.852	17001.598	13870.89	5214.529	11227.903
80	4324.895	4491.917	4568.43	3524.098	5790.374	5650.113	4116.808	12695.998	3703.951	2693.602	4776.272	6218.228	6173.327	4587.561	2985.285	5930.062	3874.975	4204.048	3038.887	6861.86	7922.325	5613.001	11775.723	12711.879	5670.617	7434.791	8039.165	1346.533	2268.304	12247.987	7867.013	6759.852	10487.514	6376.626	15548.308	17494.645	14317.03	5457.245	11357.2
81	4404.541	4568.872	4627.975	3568.176	5951.364	5780.125	4108.389	12854.568	3634.971	2674.216	4917.559	6432.498	6388.454	4747.484	3019.682	6113.467	3981.053	4286.687	3129.518	7135.041	8377.615	5824.935	12209.759	12918.47	5893.385	7530.009	8044.417	1391.109	2280.311	12427.56	7952.49	6991.098	10823.123	6417.598	16013.214	17722.062	14190.074	5404.667	10872.814
82	4449.127	4538.8	4618.368	3470.49	5861.596	5649.785	3931.943	12431.062	3624.69	2634.815	5020.806	6586.898	6530.85	4825.201	2986.876	6209.571	4049.485	4309.537	3071.156	7047.071	8346.984	5611.562	11735.865	12206.731	6059.682	7540.833	8012.629	1428.481	2271.17	12549.832	8033.036	7213.493	11086.519	6448.014	16087.883	17558.701	14203.845	5319.107	10587.687
83	4441.197	4509.135	4554.035	3430.055	5808.589	5633.202	3871.792	12397.84	3535.082	2539.024	4974.858	6672.444	6595.25	4864.343	2966.523	6242.515	4076.302	4313.259	3099.441	7118.176	8395.721	5569.731	11702.822	11904.868	6093.633	7495.583	7937.186	1439.505	2241.225	12501.988	8059.091	7328.426	11197.128	6434.624	15909.906	17917.596	14102.409	5167.783	10174.212
84	4417.234	4403.469	4461.745	3350.611	5574.342	5415.409	3687.557	11953.751	3423.513	2450.419	4906.193	6727.784	6565.163	4933.632	2903.867	6253.926	4132.876	4307.277	3056.869	7081.636	8283.259	5401.318	11169.794	11455.346	6118.123	7466.161	7829.179	1443.422	2204.247	12392.679	8082.742	7396.977	11126.319	6402.449	15527.332	17882.09	13981.734	5060.507	10121.486
85	4327.958	4299.864	4348.748	3255.939	5396.085	5323.708	3564.785	11766.079	3342.36	2403.384	4886.577	6687.771	6519.344	4878.372	2841.761	6149.321	4116.27	4247.052	3008.547	6895.978	8061.882	5341.885	10806.065	11171.033	6096.562	7298.14	7704.027	1445.716	2183.554	12239.121	7978.968	7397.031	10967.666	6222.208	14989.877	17469.061	13393.812	4757.45	9897.623
86	4253.962	4188.229	4245.305	3160.906	5241.295	5174.639	3453.006	11386.195	3242.473	2332.931	4764.686	6628.156	6403.175	4829.713	2753.674	5996.955	4079.012	4160.562	2994.923	6919.456	7849.664	5331.787	10347.256	10934.367	6037.276	7162.659	7585.9	1423.62	2159.159	12064.227	7858.069	7327.225	10765.355	6082.783	14463.721	17120.963	13148.845	4644.604	10134.244
87	4154.437	4083.66	4167.579	3071.638	5101.061	5043.452	3347.981	11158.663	3133.231	2255.397	4720.383	6534.704	6312.615	4810.487	2681.63	5836.323	4028.077	4071.624	2903.329	6511.188	7309.388	5183.625	9762.317	10607.829	5960.31	6980.91	7450.768	1408.708	2141.845	11883.282	7668.272	7235.524	10492.675	5903.334	13922.2	16784.072	12800.074	4525.08	10408.015
88	4061.623	4028.93	4121.372	3024.479	5120.992	5054.718	3293.388	11031.256	3069.975	2205.722	4649.357	6432.64	6186.001	4811.768	2651.981	5709.621	3955.992	4006.409	2923.266	6400.855	7132.884	5409.993	9714.588	11013.514	5868.759	6819.083	7266.345	1397.853	2180.092	11764.055	7479.496	7137.725	10282.681	5758.594	13557.437	16234.965	12502.164	4668.711	11167.032
89	4008.457	4033.578	4125.985	2910.214	5037.514	4930.115	3215.804	10737.035	3049.775	2210.581	4704.933	6340.263	6127.984	4845.227	2669.981	5607.38	3874.543	3953.457	2925.253	6208.749	6828.015	5513.891	9565.363	11110.288	5797.849	6699.118	7197.546	1396.948	2249.778	11706.461	7325.273	7129.239	10097.432	5623.119	13529.376	15809.572	12245.563	4783.324	11635.333
90	4009.535	4077.935	4210.92	2905.658	5220.259	5041.698	3279.383	10794.985	2998.15	2210.804	4764.351	6314.497	6160.751	4979.187	2696.494	5581.722	3856.771	3907.417	2952.183	6002.606	6720.687	5810.964	9814.596	11675.82	5844.965	6617.671	7128.083	1417.28	2378.493	11898.814	7212.117	7170.076	10124.963	5546.792	13873.536	15538.296	12271.706	5037.445	12118.228
91	4028.346	4120.247	4322.791	2813.875	5268.282	5006.022	3230.357	10458.335	2963.665	2189.989	4858.951	6399.119	6282.207	5101.379	2737.067	5650.979	3859.853	3913.409	3097.993	6082.367	6890.952	6316.182	10303.234	12338.896	5982.569	6663.384	7127.214	1475.145	2516.259	12203.32	7217.898	7332.705	10245.931	5500.985	14468.053	15500.85	12470.83	5406.882	12537.504
92	4053.619	4175.429	4447.329	2814.968	5428.749	5112.854	3273.982	10503.952	3010.608	2216.888	5047.374	6508.762	6533.49	5182.779	2759.225	5726.452	3875.01	3948.451	3132.939	5971.067	6877.709	6469.959	10463.815	12442.406	6210.816	6733.375	7156.082	1546.806	2664.993	12619.311	7226.221	7523.248	10509.411	5484.992	15130.661	15254.096	12400.571	5580.356	12635.953
93	4076.385	4226.588	4547.906	2768.665	5445.759	5056.613	3228.902	10183.974	2990.781	2244.534	5140.71	6594.439	6699.904	5271.559	2814.284	5875.338	3896.878	3994.345	3248.87	5969.041	7121.526	6721.9	10911.116	12866.159	6413.09	6845.96	7131.445	1619.04	2759.542	12854.156	7346.415	7742.091	10759.611	5472.273	15791.801	15001.658	12425.601	5643.594	12580.323
94	4098.084	4217.644	4592.464	2763.314	5477.967	5054.125	3205.193	10078.05	2944.936	2248.525	5240.211	6705.57	6822.603	5357.361	2806.969	5991.273	3947.357	4023.914	3335.298	6014.269	7252.616	6727.278	10752.963	12759.721	6556.382	6978.976	7137.933	1679.022	2829.154	12917.948	7385.418	7941.533	10866.436	5450.835	16207.745	14985.499	12487.311	5692.261	12515.631
95	4080.562	4156.923	4578.039	2761.804	5472.534	5026.838	3171.013	9809.464	2874.663	2228.106	5245.275	6741.845	6895.662	5380.233	2794.538	6091.872	3957.698	3999.563	3295.174	5897.889	7123.744	6561.636	10500.401	12425.421	6609.556	7003.249	7049.986	1713.304	2849	12826.699	7426.67	8078.556	10896.624	5412.962	16341.665	14937.545	12496.509	5620.646	12153.439
96	4037.595	4056.058	4546.141	2659.461	5294.533	4867.902	3084.477	9610.269	2828.029	2213.58	5071.936	6784.891	6851.868	5298.792	2771.169	6143.86	3944.997	3984.159	3342.2	5933.84	7297.884	6509.885	10408.515	12423.278	6688.531	6969.372	6927.317	1735.225	2831.575	12657.276	7396.724	8183.41	10789.957	5326.502	16285.48	14492.678	12185.957	5421.15	11798.672
97	3978.7	3964.606	4458.146	2649.236	5177.433	4786.131	3069.067	9446.175	2761.879	2179.756	5052.891	6772.655	6817.303	5244.036	2690.193	6135.088	3917.675	3915.202	3222.764	5761.756	7011.225	6238.443	9866.983	11936.494	6698.525	6901.667	6840.575	1744.036	2844.509	12471.08	7378.77	8223.674	10635.997	5213.646	16093.752	14479.781	12108.61	5345.225	11688.732
98	3866.333	3851.702	4345.101	2537.074	4893.773	4582.183	2933.254	9069.396	2690.73	2148.01	4857.406	6732.562	6627.641	5141.03	2599.581	6073.464	3826.991	3823.531	3174.802	5680.327	6865.5	6091.1	9598.82	11794.081	6597.849	6786.393	6685.058	1743.32	2823.648	12249.188	7285.951	8178.385	10379.066	5063.222	15726.05	14079.139	11889.41	5187.863	11879.294
99	3786.033	3724.12	4235.585	2498.111	4793.696	4496.683	2916.84	9021.159	2668.251	2145.836	4735.985	6691.776	6450.741	5007.266	2520.41	5963.927	3743.243	3706.033	3119.672	5575.965	6655.73	5932.483	9098.743	11364.607	6562.983	6683.692	6598.487	1734.23	2803.544	12047.797	7225.661	8120.129	10114.438	4920.527	15289.843	13950.787	11698.711	5088.176	11940.345
100	3680.796	3606.961	4132.774	2409.154	4571.402	4303.292	2807.437	8707.95	2563.632	2064.781	4594.995	6596.792	6259.841	4883.828	2404.158	5821.135	3632.35	3593.665	2987.586	5369.281	6349.119	5824.348	8643.437	11166.273	6480.095	6521.695	6407.041	1712.254	2796.329	11772.722	7098.259	8026.427	9724.563	4752.243	14709.427	13275.799	11216.558	4935.502	12161.745
101	3603.119	3524.55	4079.486	2376.398	4528.101	4291.392	2812.549	8740.215	2532.874	2078.499	4392.748	6532.761	6106.566	4762.333	2337.541	5720.975	3522.814	3479.003	3009.227	5351.692	6219.113	5935.597	8439.163	11203.812	6399.767	6332.993	6264.239	1698.839	2831.518	11498.709	6932.461	7891.525	9427.11	4564.876	14256.312	12951.726	11215.544	5003.027	12696.945
102	3530.091	3484.087	4032.226	2303.461	4472.253	4203.132	2774.67	8505.398	2531.511	2068.073	4363.734	6474.873	6026.065	4742.216	2300.105	5652.213	3439.221	3378.184	2914.738	5088.624	5889.413	5943.988	8075.896	11106.635	6331.36	6185.626	6073.26	1693.543	2931.533	11353.883	6809.259	7809.127	9207.028	4427.321	14000.078	12686.956	11098.283	5135.257	13017.887
103	3481.662	3494.945	4064.132	2284.543	4576.378	4247.535	2829.999	8576.586	2531.68	2095.965	4258.755	6456.623	5982.614	4685.433	2267.242	5563.966	3386.88	3283.59	3021.356	5107.785	5894.762	6344.947	8268.719	11487.506	6334.73	6101.934	5972.829	1712.233	3095.032	11293.951	6700.183	7794.382	9019.678	4316.594	13869.206	12136.439	11051	5277.854	13397.435
104	3455.828	3502.222	4103.954	2253.942	4665.053	4242.19	2836.396	8427.142	2522.754	2076.306	4306.806	6454.41	6056.552	4668.392	2291.329	5564.545	3342.38	3217.058	3050.327	4955.245	5754.251	6492.727	8101.152	11412.692	6376.058	6053.778	5847.599	1768.072	3258.883	11192.86	6637.986	7809.723	8882.628	4224.866	14012.547	12081.104	11283.704	5635.618	13709.797
105	3438.88	3496.61	4170.606	2253.035	4790.574	4288.039	2914.345	8457.273	2501.507	2102.095	4262.225	6497.933	6150.729	4680.66	2298.252	5538.576	3313.59	3187.823	3169.774	4888.427	5780.29	6844.286	8316.019	11853.843	6513.03	6079.62	5752.24	1840.701	3433.689	11271.171	6618.278	7869.467	8960.027	4168.816	14262.585	11691.209	11318.008	5805.677	13896.178
106	3405.127	3502.969	4203.721	2256.624	4844.317	4291.215	2936.865	8301.384	2535.09	2148.292	4257.478	6532.231	6270.376	4720.549	2296.948	5563.459	3319.889	3167.188	3269.172	4795.566	5757.652	6940.988	8201.857	11783.066	6619.381	6042.934	5596.039	1902.87	3525.275	11052.565	6580.269	7935.774	8918.551	4091.162	14433.256	11593.175	11559.188	6087.254	13956.708
107	3371.049	3463.034	4215.208	2267.307	4899.016	4284.596	2969.642	8282.501	2490.029	2149.657	4264.862	6537.685	6368.668	4701.224	2315.959	5557.987	3317.469	3138.122	3286.68	4674.433	5656.245	6866.598	8091.501	11661.157	6645.85	6000.627	5447.377	1950.595	3598.104	10858.855	6580.872	7961.85	8969.757	4027.874	14565.72	11080.8	11301.859	6021.013	13563.109
108	3326.812	3417.279	4191.882	2263.349	4881.477	4238.32	2952.236	8068.695	2493.356	2177.192	4206.352	6539.126	6364.167	4697.031	2286.229	5522.396	3297.974	3082.779	3378.021	4707.928	5733.024	6877.301	8134.82	11720.204	6646.117	5936.202	5276.625	2012.391	3642.304	10657.907	6526.735	7953.227	8875.921	3954.477	14586.647	11006.027	11481.825	6096.502	13672.819
109	3267.825	3346.335	4137.768	2221.965	4765.93	4204.704	2932.511	7943.624	2492.375	2168.112	4170.971	6475.234	6353.918	4633.445	2240.935	5442.281	3261.29	3027.297	3319.828	4540.114	5536.569	6625.785	7845.263	11240.054	6622.559	5918.431	5127.037	2033.811	3661.646	10382.49	6465.293	7896.38	8795.744	3825.891	14507.2	10850.575	11358.51	5955.433	13532.717
110	3204.459	3240.537	4060.022	2219.156	4696.354	4150.667	2921.159	7805.343	2438.21	2157.997	4047.524	6381.027	6250.445	4577.8	2207.883	5364.325	3202.624	2975.768	3307.443	4498.846	5545.329	6534.945	7763.855	11216.022	6520.576	5785.377	4971.27	2039.585	3649.364	10057.315	6398.963	7856.816	8648.207	3717.611	14288.347	10464.662	11182.937	5806.752	13570.279
111	3132.874	3149.204	3987.545	2142.617	4478.141	3966.094	2830.716	7573.317	2417.511	2131.258	3921.474	6328.466	6146.385	4506.042	2135.235	5256.491	3140.892	2912.752	3223.096	4408.974	5387.721	6218.834	7405.778	10949.57	6347.278	5669.174	4809.816	2030.524	3593.801	9763.746	6303.087	7712.168	8427.5	3591.477	13962.935	10395.282	11098.161	5634.448	13562.394
112	3059.843	3058.18	3914.147	2117.475	4386.309	3924.281	2819.996	7514.854	2357.013	2096.296	3791.652	6229.671	5944.24	4377.104	2066.522	5133.914	3046.889	2827.594	3089.002	4252.485	5190.779	5989.692	7144.729	10708.169	6206.812	5546.376	4660.553	2008.299	3575.722	9470.245	6227.814	7614.981	8171.848	3463.873	13684.724	10030.608	10822.753	5528.74	14041.557
113	2977.317	2964.863	3846.687	2076.439	4264.612	3793.204	2753.186	7327.657	2350.53	2099.393	3647.12	6154.79	5768.923	4253.327	2028.167	5003.387	2962.145	2767.44	3068.328	4194.893	5111.185	5894.045	6950.643	10592.409	6031.756	5369.111	4525.882	1980.62	3550.576	9301.544	6122.116	7467.273	7929.502	3364.752	13371.566	9875.708	10717.291	5440.81	14362.841
114	2908.936	2905.942	3811.343	2039.65	4261.407	3766.788	2751.974	7329.275	2324.951	2074.542	3586.33	6070.726	5590.55	4161.125	1968.391	4868.986	2859.4	2686.996	2983.045	4054.023	4914.342	5760.431	6610.416	10306.663	5839.649	5240.221	4363.81	1960.126	3581.176	9095.866	6027.53	7339.815	7737.347	3200.841	13026.142	9380.915	10354.612	5333.315	14620.541
115	2851.136	2854.878	3816.21	2055.427	4314.516	3736.67	2760.645	7272.783	2306.856	2082.755	3515.544	6020.825	5472.771	4072.442	1940.312	4763.593	2798.948	2628.904	2963.939	3999.12	4794.571	5944.711	6545.394	10423.534	5732.514	5108.358	4242.531	1958.657	3630.573	8992.418	5912.268	7201.558	7544.675	3058.557	12775.555	9275.537	10413.146	5507.576	15124.281
116	2821.741	2844.685	3851.076	2029.871	4396.663	3735.251	2777.431	7315.494	2347.318	2113.738	3491.33	5923.225	5390.21	4023.688	1942.036	4641.233	2735.311	2584.415	2999.176	3922.03	4662.413	6130.562	6424.717	10432.386	5635.863	4953.234	4116.644	1983.634	3757.261	8892.611	5866.914	7123.696	7388.963	2973.758	12663.513	9077.84	10381.686	5694.987	15536.57
117	2798.195	2852.748	3894.05	2072.153	4599.103	3805.645	2856.422	7361.627	2350.695	2111.228	3467.438	5878.488	5432.71	4039.501	1966.492	4571.354	2710.928	2544.177	3054.335	3838.888	4572.616	6424.95	6395.829	10562.19	5596.523	4884.565	3984.733	2023.88	3919.005	8831.697	5786.899	7077.049	7283.314	2893.817	12629.33	8665.396	10137.663	5829.531	15398.335
118	2781.362	2871.079	3934.561	2038.281	4650.702	3742.181	2861.097	7317.071	2336.11	2149.706	3425.776	5853.075	5477.742	4027.917	1990.738	4526.796	2701.466	2525.502	3214.492	3806.199	4575.175	6741.672	6401.884	10591.12	5583.594	4808.288	3875.737	2080.739	4065.901	8827.25	5787.996	7095.514	7250.359	2841.246	12648.983	8553.238	10406.197	6151.814	15642.522
119	2777.385	2879.416	3975.768	2072.954	4811.036	3806.325	2941.425	7373.258	2392.894	2214.807	3434.219	5811.358	5525.761	4026.28	2016.92	4450.362	2699.315	2479.533	3264.032	3710.037	4450.82	6836.327	6315.178	10461.703	5587.688	4776.297	3774.611	2152.432	4165.036	8732.915	5773.862	7110.974	7186.138	2782.599	12561.054	8257.867	10318.406	6254.984	15393.825
120	2770.074	2865.278	3978.941	2058.968	4749.616	3729.382	2925.088	7184.359	2374.678	2214.354	3394.56	5756.347	5580.389	4023.085	2006.227	4392.812	2698.26	2469.68	3391.029	3727.226	4502.082	6954.217	6352.197	10465.346	5595.625	4725.537	3670.409	2207.445	4233.433	8560.564	5731.247	7104.891	7133.596	2712.083	12560.794	8195.985	10484.549	6464.246	15130.963
121	2744.251	2831.628	3953.413	2077.006	4736.084	3700.13	2955.616	7171.887	2380.883	2297.26	3367.515	5666.82	5542.52	3982.134	1987.275	4311.042	2689.393	2432.426	3399.75	3644.748	4380.791	6778.337	6166.47	10131.398	5548.235	4653.142	3583.686	2241.032	4253.72	8382.59	5690.158	7037.54	7061.102	2660.327	12384.45	7880.117	10273.235	6360.988	14564.203
122	2696.851	2778.154	3887.881	2071.637	4627.813	3615.519	2901.444	6961.372	2384.511	2297.526	3244.117	5566.975	5493.37	3920.617	1968.064	4249.776	2687.252	2408.514	3471.336	3691.766	4428.069	6729.132	6146.079	10138.538	5492.174	4615.483	3477.554	2260.235	4211.424	8197.69	5648.787	6966.454	6972.088	2600.467	12183.97	7841.203	10342.719	6279.616	14157.427
123	2668.402	2725.322	3835.056	2071.133	4529.454	3586.456	2872.118	6860.403	2336.764	2340.944	3186.038	5442.618	5405.172	3837.862	1923.102	4146.342	2661.215	2352.507	3400.436	3581.791	4311.691	6410.661	5936.734	9726.057	5387.25	4516.798	3380.56	2265.528	4163.661	7958.456	5563.62	6858.132	6828.264	2531.578	11956.925	7586.863	10187.313	6267.519	13968.273
124	2614.622	2668.283	3749.592	2082.218	4452.057	3521.045	2850.39	6728.811	2316.387	2339.08	3094.031	5324.341	5287.445	3761.768	1870.237	4057.495	2624.064	2318.471	3352.8	3557.84	4261.964	6224.915	5851.042	9664.618	5295.173	4428.045	3286.055	2251.638	4085.043	7769.482	5487.714	6751.207	6686.074	2453.554	11669.862	7492.075	10158.661	6243.761	13880.476
125	2537.784	2589.531	3674.28	2043.36	4249.046	3397.303	2789.034	6624.373	2297.41	2330.479	3008.515	5220.386	5140.592	3670.249	1806.732	3943.7	2573.992	2259.779	3285.801	3494.36	4157.127	6007.299	5630.728	9422.209	5157.518	4316.113	3190.798	2227.181	4004.555	7551.596	5392.47	6600.164	6526.895	2370.861	11324.254	7201.802	9856.815	6059.11	13671.856
126	2488.256	2535.349	3600.073	2045.004	4229.206	3373.901	2792.688	6617.189	2306.04	2333.825	2932.623	5110.255	4997.797	3560.735	1770.032	3844.582	2530.849	2208.627	3189.716	3400.508	4017.768	5753.755	5432.229	9267.468	5035.359	4209.191	3106.692	2206.224	3931.025	7338.509	5283.185	6458.005	6351.166	2276.864	11010.713	7130.545	9772.615	5994.565	13733.947
127	2434.936	2491.572	3540.591	1986.285	4082.818	3284.667	2714.647	6478.266	2293.227	2348.588	2896.49	4998.542	4850.206	3469.084	1725.619	3727.71	2474.469	2144.294	3163.594	3361.842	3971.499	5749.134	5356.02	9309.515	4902.327	4106.097	3002.021	2190.347	3917.072	7195.185	5193.136	6269.17	6194.588	2204.808	10715.418	6961.294	9649.718	5993.532	14087.248
128	2394.978	2470.365	3521.58	2001.916	4121.152	3294.437	2755.448	6548.348	2282.019	2344.377	2851.968	4909.293	4745.991	3405.206	1709.32	3618.746	2427.038	2094.179	3143.924	3292.953	3839.845	5716.194	5111.994	9128.38	4805.433	4017.894	2930.632	2180.983	3943.656	7064.507	5084.865	6094.886	6021.862	2134.356	10427.237	6799.286	9616.712	6225.539	14460.974
129	2356.923	2459.128	3511.992	1998.564	4128.186	3242.192	2726.626	6442.821	2308.849	2362.552	2832.722	4821.968	4670.15	3355.02	1714.539	3536.385	2398.967	2051.755	3225.344	3307.599	3809.123	5976.446	5061.975	9275.082	4729.25	3898.578	2851.247	2196.597	4015.577	6981.362	4976.469	5958.886	5881.911	2059.455	10161.9	6643.207	9501.537	6355.988	14372.293