TIME	20171005_DB_W05	20171005_DB_W06	20171005_DB_W07	20171005_DB_W08	20171005_DB_W09	20190530_W07	20190530_W08	20190530_W09	20190530_W10	20190530_W11	20190530_W12	20190531_W01	20190531_W02	20190531_W03	20190531_W04		
0	960.785	1234.249	1104.324	1534.316	1683.352	614.231	552.87	845.874	1448.904	946.047	488.307	1790.776	2859.536	1977.51	2842.346		
1	1004.781	1339.875	1163.795	1619.612	1837.149	622.328	630.662	877.66	1391.715	950.103	485.029	1809.513	2944.914	1975.007	2809.006		
2	1048.159	1453.054	1240.559	1674.441	1995.587	643.602	631.437	893.53	1392.364	951.484	491.215	1841.906	2991.505	1944.852	2777.62		
3	1100.106	1552.422	1321.503	1723.931	2140.739	659.405	666.858	898.227	1411.779	952.486	484.581	1930.124	3062.988	1952.737	2812.135		
4	1144.906	1640.034	1433.066	1773.09	2270.384	671.489	662.928	891.912	1481.237	983.438	491.279	2033.92	3104.997	1991.716	2941.108		
5	1183.908	1704.803	1517.128	1796.766	2350.644	680.238	646.058	881.104	1582.469	1002.64	499.194	2194.222	3118.09	2084.894	3118.216		
6	1212.442	1745.076	1600.338	1858.121	2397.855	679.71	660.352	858.839	1687.004	1015.977	513.784	2411.259	3132.705	2240.751	3408.301		
7	1232.906	1763.282	1665.568	1929.077	2408.988	673.089	679.501	828.129	1827.38	1062.534	530.815	2622.063	3117.324	2473.851	3740.988		
8	1235.248	1750.231	1707.727	2024.631	2369.9	662.79	724.021	804.23	1965.483	1087.638	530.095	2779.013	3107.713	2702.935	4022.044		
9	1229.255	1757.062	1731.214	2145.049	2348.624	636.088	761.209	777.823	2057.258	1125.533	556.505	2896.255	3150.905	2914.136	4265.057		
10	1227.437	1800.67	1726.532	2302.33	2325.74	624.254	804.096	784.591	2096.244	1152.6	569.387	2983.923	3238.985	3080.255	4422.645		
11	1239.899	1866.965	1745.875	2477.419	2325.656	616.617	861.26	767.708	2127.986	1182.41	563.696	3034.506	3421.698	3174.413	4421.27		
12	1244.134	1964.985	1764.703	2627.679	2363.799	608.997	956.089	820.136	2109.507	1219.557	559.843	3074.74	3717.676	3234.326	4450.733		
13	1260.443	2090.333	1780.924	2738.823	2450.007	624.934	1053.568	868.781	2074.61	1269.079	548.555	3138.991	4071.794	3234.402	4374.453		
14	1293.064	2259.397	1812.006	2787.149	2582.483	638.759	1140.077	912.202	2007.482	1287.512	523.005	3227.222	4359.688	3214.988	4241.379		
15	1345.356	2432.409	1867.49	2796.033	2746.899	656.001	1201.731	933.001	1948.42	1330.48	508.605	3302.07	4571.448	3130.279	4079.344		
16	1424.639	2616.172	1940.754	2769.508	2896.54	673.681	1277.648	979.204	1921.664	1371.917	512.86	3465.219	4734.035	3091.264	4016.088		
17	1513.719	2774.237	2011.134	2715.45	3021.295	691.906	1309.278	1016.936	1942.923	1405.1	512.981	3635.183	4768.757	3098.925	3998.292		
18	1601.503	2901.718	2097.375	2650.215	3088.187	695.253	1330.501	1029.42	1976.522	1430.366	529.041	3858.36	4754.643	3128.918	4076.209		
19	1687.232	2986.371	2144.334	2580.044	3079.69	693.179	1326.931	1019.797	2047.444	1433.482	532.964	4086.411	4651.78	3225.093	4222.729		
20	1744.661	3048.991	2180.178	2548.189	3055.065	689.975	1308.109	998.559	2231.166	1450.735	537.724	4286.563	4530.205	3401.929	4496.585		
21	1778.838	3061.312	2185.339	2554.65	2969.391	670.046	1276.562	958.292	2453.315	1459.494	555.034	4455.732	4391.414	3629.82	4786.557		
22	1790.106	3041.582	2175.349	2640.18	2893.151	657.298	1229.752	921.496	2614.017	1484.111	569.116	4508.761	4274.819	3871.594	5043.266		
23	1783.202	2990.15	2166.607	2792.567	2823.177	649.114	1200.408	898.018	2756.929	1514.115	576.763	4486.418	4249.74	4085.333	5286.57		
24	1770.284	3000.318	2145.692	2979.533	2774.23	634.676	1192.631	875.455	2833.253	1567.511	566.309	4425.909	4323.816	4210.118	5440.308		
25	1741.522	3040.122	2135.774	3195.523	2792.568	639.785	1234.444	877.757	2940.212	1663.231	595.085	4341.901	4575.151	4235.899	5482.501		
26	1749.929	3160.903	2136.398	3389.622	2899.48	657.285	1338.761	925.688	2965.319	1754.587	587.213	4297.766	4929.314	4276.128	5490.07		
27	1757.385	3318.835	2160.144	3522.031	3073.736	686.736	1478.823	986.266	2908.959	1852.88	582.449	4286.824	5329.029	4235.404	5347.676		
28	1787.143	3503.527	2190.729	3585.378	3288.478	724.261	1647.67	1056.808	2854.704	1914.595	565.582	4329.303	5673.752	4187.345	5176.964		
29	1846.715	3722.95	2245.052	3591.451	3506.904	740.628	1767.174	1112.616	2762.036	1977.073	571.941	4413.045	5924.115	4098.561	5017.123		
30	1924.016	3911.327	2306.232	3562.868	3666.002	766.138	1862.656	1184.761	2679.398	2008.128	582.203	4553.206	6056.589	4064.245	4928.999		
31	2012.255	4045.896	2350.221	3478.46	3761.209	795.608	1914.043	1226.103	2617.792	2021.008	595.964	4674.743	6046.159	4025.745	4854.538		
32	2075.98	4124.392	2386.033	3344.057	3790.182	805.988	1920.082	1214.851	2584.967	2012.151	605.543	4772.539	5918.657	4029.863	4837.212		
33	2116.853	4151.407	2402.138	3193.923	3764.659	803.915	1870.102	1208.155	2563.541	1962.494	627.872	4844.492	5758.372	4050.318	4848.407		
34	2134.938	4132.783	2394.434	3065.054	3661.58	797.541	1803.585	1151.896	2623.658	1922.478	643.161	4929.336	5513.71	4169.318	4881.476		
35	2155.605	4063.21	2389.298	2957.39	3562.35	785.001	1741.298	1109.131	2760.852	1882.148	678.91	5025.021	5297.292	4343.675	4966.169		
36	2138.792	3980.161	2373.384	2897.411	3443.887	770.673	1661.824	1025.498	2969.995	1855.192	704.462	5038.146	5101.398	4596.351	5089.626		
37	2147.59	3895.695	2353.187	2898.706	3370.341	759.381	1600.686	971.016	3218.896	1874.566	708.858	5056.47	4988.682	4862.937	5264.62		
38	2121.818	3852.119	2361.529	2964.417	3321.3	760.149	1551.733	967.369	3585.497	1933.362	719.185	5055.233	4977.699	5099.037	5488.446		
39	2123.27	3850.025	2393.972	3111.195	3374.458	770.793	1564.498	988.613	3836.071	2077.14	745.2	5040.895	5141.771	5311.854	5730.165		
40	2156.329	3940.289	2454.116	3284.928	3469.193	817.89	1689.297	1055.052	4150.89	2252.086	752.625	5097.094	5513.957	5505.715	5997.555		
41	2182.895	4148.484	2532.48	3529.082	3651.986	858.862	1849.007	1130.923	4324.263	2467.85	744.848	5232.881	5981.275	5662.072	6282.254		
42	2234.2	4377.276	2628.844	3773.072	3852.38	903.242	2097.635	1209.774	4308.882	2629.886	717.655	5466.15	6477.811	5742.03	6446.318		
43	2324.149	4650.14	2714.966	3966.745	4052.605	938.266	2300.133	1281.353	4332.544	2789.727	728.586	5618.928	6818.638	5737.481	6487.905		
44	2423.851	4910.612	2794.64	4087.25	4188.161	973.238	2490.029	1333.434	4254.117	2810.884	727.044	5786.592	7016.026	5704.681	6497.592		
45	2521.686	5089.173	2815.915	4131.711	4218.867	986.871	2571.039	1372.315	4142.403	2836.532	734.93	5861.181	7084.663	5576.63	6442.097		
46	2596.305	5194.252	2787.714	4093.161	4221.382	1004.567	2662.994	1347.131	4007.879	2782.19	725.317	5837.182	6998.288	5379.755	6329.458		
47	2638.956	5175.465	2754.279	3990.427	4123.865	997.437	2622.837	1317.823	3848.072	2708.107	731.309	5761.62	6834.001	5224.214	6154.492		
48	2662.271	5105.056	2687.732	3823.128	4009.015	983.373	2529.11	1297.207	3673.54	2592.655	746.282	5680.465	6585.679	5091.903	5993.426		
49	2654.912	4988.835	2625.892	3655.571	3878.052	959.66	2422.796	1236.083	3531.942	2443.685	761.528	5593.574	6307.374	5023.243	5772.706		
50	2607.751	4820.53	2576.094	3515.078	3761.801	932.804	2291.993	1189.521	3441.355	2345.453	788.694	5545.379	6029.518	5036.073	5614.902		
51	2564.612	4692.631	2538.146	3355.066	3672.714	925.583	2158.793	1166.229	3424.671	2280.818	830.633	5544.152	5799.458	5226.574	5493.729		
52	2501.401	4530.393	2531.843	3244.262	3629.917	930.33	2080.98	1129.885	3521.875	2287.992	872.355	5575.427	5639.091	5490.613	5459.408		
53	2435.796	4426.557	2570.332	3155.074	3668.287	951.353	1988.062	1143.606	3725.419	2366.064	929.32	5708.475	5613.501	5891.874	5549.586		
54	2399.066	4403.216	2658.385	3119.829	3803.131	996.674	2011.608	1181.014	4109.849	2552.863	958.882	5917.11	5797.162	6417.42	5769.311		
55	2354.583	4432.496	2792.176	3144.03	3977.036	1055.514	2120.308	1255.828	4536.552	2845.534	985.453	6197.316	6095.575	6852.515	6058.427		
56	2338.094	4561.644	2963.596	3211.09	4171.02	1108.348	2292.538	1364.478	5062.403	3141.598	985.248	6536.575	6530.16	7256.595	6444.93		
57	2336.013	4686.775	3128.624	3369.938	4363.802	1148.979	2539.688	1474.645	5513.468	3426.582	997.706	6832.148	6944.089	7373.992	6769.409		
58	2336.386	4892.581	3258.687	3454.914	4485.358	1189.182	2784.348	1599.765	5813.981	3634.327	1002.595	7053.273	7269.5	7397.171	7016.363		
59	2359.147	5044.685	3339.509	3538.448	4562.575	1201.702	3033.638	1659.084	5894.916	3741.101	981.414	7118.256	7446.392	7294.944	7163.897		
60	2343.664	5120.853	3350.911	3562.68	4527.931	1203.106	3154.895	1708.996	5878.074	3676.757	970.344	7044.935	7503.297	7083.195	7158.125		
61	2354.196	5133.196	3317.619	3535.423	4480.019	1172.468	3196.136	1705.065	5835.767	3725.742	955.296	6876.305	7429.72	6766.732	7052.86		
62	2339.246	5104.882	3274.799	3495.526	4403.134	1155.484	3200.989	1694.592	5670.793	3578.969	965.121	6580.084	7230.769	6418.641	6879.156		
63	2303.06	5007.283	3171.603	3413.433	4261.949	1114.451	3196.832	1664.781	5482.307	3396.295	957.577	6281.347	6952.108	6117.31	6617.13		
64	2257.322	4904.08	3059.252	3351.875	4154.614	1080.472	3017.341	1614.617	5275.623	3279.277	979.008	5993.566	6657.51	5867.532	6317.522		
65	2208.644	4765.55	2981.529	3248.41	4067.443	1089.806	2906.92	1558.889	5051.188	3106.771	1004.068	5766.908	6389.845	5827.738	6071.142		
66	2148.073	4605.901	2944.354	3143.944	4067.407	1081.746	2748.064	1497.524	4809.491	2961.719	1052.796	5648.382	6138.852	5998.298	5807.264		
67	2058.943	4478.529	2920.768	3077.59	4104.71	1086.509	2632.449	1467.397	4655.56	2932.116	1146.483	5679.079	5985.529	6464.789	5613.181		
68	2020.031	4405.51	2935.164	2997.006	4205.156	1128.375	2602.388	1454.195	4602.478	2938.554	1234.761	5929.609	5975.392	7172.107	5595.383		
69	1980.266	4365.984	2996.262	2995.364	4373.661	1167.801	2579.568	1501.4	4676.744	3064.51	1340.243	6344.884	6098.825	7951.698	5677.141		
70	1934.718	4349.014	3117.245	2957.59	4643.542	1209.659	2589.843	1611.427	4902.5	3274.878	1404.692	6857.176	6347.882	8717.605	5922.446		
71	1902.056	4390.538	3231.807	2960.433	4850.603	1253.071	2748.695	1746.637	5123.092	3551.133	1462.45	7285.476	6634.747	9187.503	6187.654		
72	1888.442	4447.753	3338.557	2999.302	5045.459	1284.987	2970.316	1907.049	5388.479	3721.679	1500.696	7652.871	6903.94	9410.478	6520.965		
73	1872.357	4499.54	3412.743	3037.116	5170.954	1287.918	3142.744	2070.239	5522.759	3900.381	1518.388	7895.659	7133.375	9394.562	6749.907		
74	1855.031	4494.192	3435.872	3034.248	5188.363	1254.159	3341.738	2190.053	5593.5	3945.885	1499.189	7935.298	7288.266	9184.465	6917.702		
75	1834.432	4501.275	3445.718	3019.911	5132.913	1217.08	3411.117	2247.169	5542.178	3923.784	1460.138	7767.55	7278.607	8806.406	6947.59		
76	1790.777	4466.851	3422.455	2987.975	5028.018	1198.345	3432.807	2307.63	5411.24	3882.22	1436.705	7542.359	7173.537	8368.391	6871.224		
77	1759.62	4376.994	3357.711	2964.142	4931.658	1152.438	3459.692	2365.639	5302.019	3787.854	1408.352	7286.562	7041.67	7942.39	6710.815		
78	1708.159	4286.439	3289.492	2903.67	4779.962	1132.183	3390.983	2394.041	5067.503	3616.568	1374.84	7006.954	6852.362	7514.761	6510.815		
79	1672.408	4169.672	3239.241	2838.594	4685.813	1115.423	3320.676	2395.217	4888.15	3532.256	1367.149	6668.875	6635.158	7164.009	6303.677		
80	1631.43	4049.666	3179.384	2759.218	4638.124	1128.226	3216.376	2401.65	4667.487	3450.46	1378.526	6418.997	6430.504	7050.026	6111.204		
81	1574.553	3942.576	3173.667	2712.735	4620.691	1161.872	3200.312	2392.484	4512.158	3373.934	1454.162	6199.976	6297.646	7150.757	5903.37		
82	1548.43	3861.121	3169.719	2647.043	4621.246	1219.411	3180.286	2463.711	4381.43	3351.241	1542.254	6097.99	6241.593	7585.316	5772.741		
83	1502.728	3755.025	3212.132	2588.309	4728.866	1259.631	3205.873	2537.097	4296.107	3455.967	1655.439	6182.628	6266.681	8202.969	5651.092		
84	1461.604	3667.436	3252.708	2522.594	4821.598	1325.371	3266.126	2659.969	4298.468	3494.729	1767.052	6429.807	6456.896	8996.311	5604.382		
85	1429.255	3586.8	3307.66	2477.858	4899.173	1348.375	3298.831	2782.326	4346.138	3582.004	1868.29	6748.463	6647.702	9604.837	5590.075		
86	1419.606	3515.456	3390.948	2450.576	5002.994	1373.338	3423.286	2903.456	4421.607	3696.965	1952.338	7146.993	6876.571	10042.65	5634.319		
87	1406.867	3442.892	3411.543	2418.743	5020.38	1380.097	3564.977	3037.296	4474.896	3753.082	2007.694	7484.283	7074.548	10191.119	5702.974		
88	1391.686	3373.52	3417.861	2371.86	5034.487	1359.614	3661.62	3132.463	4531.839	3734.617	2016.579	7657.392	7205.796	10165.102	5767.475		
89	1377.757	3283.867	3380.16	2313.305	4942.472	1318.325	3635.612	3200.677	4526.254	3719.402	2007.516	7730.425	7228.454	9848.207	5784.343		
90	1351.744	3179.822	3328.12	2264.665	4838.963	1285.562	3646.503	3229.316	4482.028	3605.179	1963.996	7673.919	7144.104	9452.368	5772.749		
91	1339.029	3085.042	3279.661	2229.999	4728.849	1265.244	3572.067	3231.267	4372.824	3466.079	1921.013	7523.741	7085.327	9029.104	5690.979		
92	1318.466	2977.828	3188.766	2169.367	4588.717	1244.71	3527.382	3195.37	4257.935	3328.147	1886.165	7353.786	6907.781	8562.621	5557.266		
93	1282.26	2861.666	3128.855	2115.102	4465.422	1230.433	3416.33	3132.422	4088.905	3161.141	1844.266	7116.542	6718.798	8194.438	5472.478		
94	1255.137	2775.715	3068.903	2049.701	4385.534	1234.364	3323.207	3096.369	3965.842	3054.202	1823.221	6907.598	6522.073	7951.381	5337.39		
95	1217.11	2664.789	3027.599	2012.174	4333.17	1260.448	3191.4	3055.666	3811.528	2966.993	1836.836	6633.303	6334.065	7861.79	5209.309		
96	1212.179	2581.38	3019.57	1953.272	4308.743	1312.474	3090.847	3038.912	3686.097	2920.79	1857.784	6501.253	6259.513	8026.732	5143.556		
97	1193.224	2483.433	3046.609	1903.076	4328.162	1348.91	3055.77	3016.8	3606.988	2890.56	1901.234	6384.075	6208.18	8312.593	5053.19		
98	1171.318	2407.387	3085.043	1844.438	4341.111	1389.207	2966.658	3005.731	3525.749	2882.36	1935.997	6366.495	6218.769	8841.072	4961.281		
99	1153.66	2316.294	3097.476	1796.678	4353.496	1389.953	2953.622	2997.865	3467.899	2877.614	1996.024	6384.032	6226.942	9273.479	4860.031		
100	1139.076	2235.102	3111.179	1761.61	4330.583	1420.357	2948.5	3003.591	3424.294	2869.439	2014.376	6477.172	6266.851	9637.262	4836.271		
101	1142.982	2175.275	3118.745	1731.798	4291.736	1425.118	2918.598	2979.807	3382.273	2844.801	2042.608	6566.198	6283.275	9748.513	4795.085		
102	1145.132	2117.958	3100.466	1703.769	4203.042	1397.434	2876.377	2988.132	3341.525	2799.202	2043.221	6609.472	6284.528	9664.583	4773.245		
103	1143.905	2043.691	3051.379	1655.296	4095.83	1371.959	2820.57	2952.213	3285.458	2699.292	2020.89	6605.518	6229.207	9429.33	4730.269		
104	1134.383	1982.575	2982.214	1625.747	3978.66	1331.655	2722.264	2898.956	3232.283	2621.375	1976.221	6506.502	6129.445	9045.609	4679.346		
105	1125.322	1919.026	2914.501	1603.561	3822.483	1296.691	2688.191	2825.5	3151.803	2520.092	1926.637	6368.186	5990.51	8633.302	4598.646		
106	1114.396	1856.382	2831.661	1570.53	3678.699	1267.776	2611.65	2747.377	3085.511	2432.081	1880.156	6240.437	5871.232	8277.894	4546.797		
107	1093.592	1802.519	2748.342	1533.804	3555.514	1255.794	2506.656	2686.585	2995.799	2327.263	1840.805	6106.939	5707.191	7921.51	4453.237		
108	1077.143	1753.56	2682.458	1503.436	3451.182	1255.761	2432.082	2604.389	2890.296	2227.716	1782.922	5951	5531.202	7642.571	4369.116		
109	1063.613	1705.455	2634.495	1476.67	3374.393	1261.371	2348.284	2495.416	2810.229	2172.426	1747.468	5788.924	5313.892	7508.937	4276.568		
110	1072.213	1673.234	2605.709	1453.698	3316.988	1312.497	2313.681	2441.508	2727.498	2121.922	1720.652	5682.085	5199.627	7551.24	4252.922		
111	1055.926	1654.781	2602.342	1433.784	3268.811	1350.448	2259.844	2395.732	2676.531	2106.094	1716.753	5566.031	5111.086	7807.55	4165.086		
112	1049.472	1602.058	2604.474	1393.871	3215.856	1396.538	2233.219	2385.129	2596.737	2098.998	1679.63	5478.369	5046.482	8166.803	4088.259		
113	1037.438	1577.503	2612.199	1369.439	3165.582	1416.77	2214.605	2360.143	2537.743	2093.658	1655.815	5389.093	4950.682	8499.581	4000.244		
114	1040.197	1559.008	2627.634	1352.702	3118.959	1436.083	2228.605	2337.535	2479.664	2085.277	1652.595	5337.157	4934.912	8779.809	3940.446		
115	1046.42	1537.014	2624.05	1332.397	3055.215	1440.212	2199.885	2325.517	2446.131	2071.734	1628.691	5338.605	4891.736	8872.443	3898.131		
116	1039.193	1504.636	2586.333	1320.799	2975.557	1420.222	2173.755	2287.487	2411.966	2041.481	1616.759	5321.681	4849.427	8796.377	3824.415		
117	1042.287	1483.959	2543.587	1304.729	2896.201	1385.866	2115.299	2254.243	2350.876	1982.124	1607.451	5259.949	4789.371	8611.765	3768.489		
118	1043.179	1468.928	2493.722	1288.835	2808.486	1352.888	2090.403	2186.868	2295.085	1910.047	1591.359	5174.343	4694.596	8291.725	3695.385		
119	1028.202	1452.391	2429.913	1275.209	2705.053	1334.781	2044.77	2119.849	2237.834	1841.036	1545.804	5066.181	4584.883	7919.793	3636.958		
120	1027.226	1437.833	2372.168	1262.986	2612.138	1295.838	1993.167	2062.506	2195.616	1764.818	1507.678	4969.989	4472.049	7602.363	3556.755		
121	1017.452	1428.056	2322.769	1264.445	2540.818	1282.939	1897.664	1990.929	2121.334	1693.432	1487.052	4863.729	4341.371	7259.552	3499.543		
122	1001.994	1429.253	2265.935	1257.573	2485.76	1261.356	1858.694	1925.657	2064.598	1643.81	1455.274	4740.784	4229.749	7004.661	3431.833		
123	993.64	1408.218	2217.229	1248.04	2432.353	1270.88	1788.023	1890.88	2023.068	1617.93	1439.619	4619.958	4125.327	6854.459	3368.179		
124	1005.323	1408.1	2215.473	1246.372	2407.233	1296.759	1763.792	1842.296	1970.431	1593.056	1415.353	4541.487	4057.17	6875.87	3355.001		
125	1002.162	1401.631	2225.789	1249.126	2388.244	1327.23	1706.468	1812.32	1923.302	1586.627	1397.588	4420.526	3958.647	6967.381	3311.358		
126	994.943	1392.12	2215.662	1238.633	2375.851	1340.287	1686.481	1783.864	1858.293	1592.856	1366.589	4331.458	3896.384	7191.433	3270.31		
127	991.784	1391.707	2230.997	1237.2	2361.339	1354.312	1641.776	1772.734	1823.478	1592.764	1357.115	4233.751	3812.657	7420.223	3223.069		
128	987.557	1380.779	2226.762	1231.15	2332.235	1366.238	1611.69	1778.747	1778.411	1592.281	1339.739	4172.256	3764.534	7630.509	3181.175		
129	999.468	1371.934	2228.393	1235.961	2315.306	1353.304	1605.777	1769.141	1735.593	1583.241	1317.284	4087.699	3712.806	7743.583	3143.505		
130	1006.662	1364.54	2191.455	1234.273	2267.962	1333.905	1594.355	1762.483	1694.642	1578.827	1292.745	4022.814	3671.281	7721.537	3093.64		
131	1007.194	1371.742	2154.766	1226.716	2221.547	1305.308	1543.366	1744.995	1648.45	1535.804	1267.148	3955.49	3643.333	7583.738	3053.95		
132	1007.504	1373.6	2134.239	1232.068	2177.534	1274.431	1504.896	1715.866	1619.131	1504.391	1237.177	3878.294	3601.402	7394.286	3011.101		
133	1010.333	1376.178	2087.036	1232.365	2128.085	1247.061	1472.842	1674.122	1581.568	1468.312	1212.445	3797.17	3550.883	7166.504	2984.603		
134	1004.64	1375.555	2032.939	1233.484	2078.499	1204.294	1431.656	1648.002	1528.409	1425.242	1178.452	3710.184	3507.251	6887.198	2952.201		
135	1008.764	1374.671	1996.325	1229.115	2034.33	1181.312	1383.164	1597.3	1488.395	1389.906	1150.033	3589.218	3427.5	6635.915	2906.572		
136	1008.857	1383.381	1961.865	1236.275	1998.251	1171.882	1357.196	1547.14	1459.316	1359.984	1113.733	3491.784	3379.778	6429.96	2885.012		
137	1006.451	1396.031	1948.655	1236.809	1990.137	1156.206	1310.794	1515.18	1431.21	1340.528	1110.393	3366.954	3322.454	6333.332	2859.891		
138	1010.405	1407.295	1935.538	1245.264	1973.217	1186.378	1303.905	1501.084	1412.606	1352.204	1094.254	3297.465	3294.089	6324.709	2859.241		
139	1011.897	1418.387	1929.179	1256.014	1982.867	1205.125	1276.675	1484.871	1382.529	1348.896	1079.776	3208.806	3271.664	6406.97	2846.959		
140	1012.993	1425.225	1946.767	1248.182	1981.363	1224.018	1254.568	1477.569	1351.757	1360.367	1051.287	3113.592	3245.813	6558.274	2801.911		
141	1006.536	1424.769	1936.656	1249.435	1984.182	1230.08	1233.591	1481.017	1328.338	1373.513	1037.879	2980.747	3190.312	6677.435	2750.996		
142	997.38	1421.085	1949.441	1250.999	1989.35	1231.451	1236.52	1491.389	1304.057	1379.98	1036.747	2894.522	3173.176	6884.645	2734.778		
143	1004.186	1433.627	1952.753	1251.906	1972.469	1223.113	1229.905	1503.179	1278.319	1381.292	1024.792	2820.034	3162.44	6994.515	2711.17		
144	1009.331	1442.473	1962.859	1258.779	1963.642	1214.618	1219.281	1503.099	1255.493	1374.248	1022.388	2730.745	3140.634	6990.331	2681.683		
145	1012.16	1456.105	1953.677	1264.242	1957.793	1184.101	1212.587	1495.893	1235.504	1355.3	1003.533	2648.747	3129.353	6920.767	2662.642		