TIME	20170929_W07	20170929_W08	20170929_W09	20170929_W10	20170929_W11	20170929_W12	20190619_W06	20190619_W07	20190619_W08	20190619_W09	20190619_W10	20190702_W06	20190702_W07	20190702_W08	20190702_W09
0	1457.756	1009.786	692.518	1196.649	1524.879	1098.474	886.162	1287.73	1482.095	744.263	929.062	722.139	1543.62	1023.004	1145.415
1	1521.014	996.44	702.328	1218.562	1579.338	1118.281	891.173	1281.509	1453.966	753.779	951.855	739.193	1467.851	981.702	1108.072
2	1575.704	1015.178	716.147	1245.226	1665.172	1150.643	906.954	1275.014	1455.372	769.425	970.828	764.072	1430.246	947.827	1087.29
3	1628.65	1038.359	730.019	1276.151	1745.829	1162.638	928.107	1271.112	1465.715	771.052	983.201	778.727	1385.351	931.431	1034.86
4	1689.166	1048.583	752.283	1275.629	1825.057	1170.305	930.279	1282.988	1482.477	773.684	997.282	799.402	1362.828	934.518	988.045
5	1729.163	1041.043	766.738	1274.29	1874.297	1181.675	910.147	1353.606	1575.964	798.093	1016.439	802.624	1370.49	915.956	945.207
6	1759.698	1041.64	796.645	1280.215	1915.395	1182.102	891.009	1439.093	1707.991	805.568	1004.728	800.446	1426.203	902.255	926.383
7	1786.276	1042.469	809.295	1253.743	1897.584	1186.211	876.869	1569.386	1868.47	828.46	1014.051	806.028	1519.042	936.235	916.879
8	1820.688	1043.378	822.863	1230.199	1875.587	1186.491	887.073	1711.956	2001.269	838.064	1024.247	804.138	1686.116	964.186	940.338
9	1859.175	1041.884	832.893	1228.511	1826.356	1171	864.712	1824.416	2129.13	851.789	1042.948	831.435	1848.213	1014.231	999.388
10	1916.353	1021.097	839.758	1234.35	1766.897	1159.326	834.536	1890.026	2227.132	856.44	1074.345	859.413	1967.499	1085.05	1083.225
11	1965.747	1009.964	839.77	1233.953	1721.555	1161.926	840.388	1918.873	2238.297	872.757	1128.814	902.683	2079.597	1171.063	1183.41
12	2060.419	1018.303	834.451	1260.464	1706.091	1158.164	840.742	1926.764	2262.638	883.253	1189.164	979.908	2148.497	1253.932	1264.048
13	2160.23	1029.392	855.288	1289.826	1752.977	1202.584	856.224	1891.462	2224.188	922.481	1265.39	1037.781	2190.795	1321.001	1341.544
14	2324.762	1077.575	905.93	1325.469	1829.531	1250.497	893.965	1864.603	2214.432	951.74	1345.73	1135.987	2206.732	1376.018	1361.495
15	2480.367	1093.052	941.533	1376.741	1955.651	1283.615	921.958	1836.831	2184.455	965.34	1419.984	1195.154	2177.891	1395.026	1372.659
16	2619.528	1101.497	956.881	1384.178	2039.885	1310.65	944.318	1807.035	2204.09	978.315	1420.291	1266.056	2140.175	1413.803	1353.869
17	2698.302	1094.397	966.19	1724.338	2128.025	1500.3	944.295	1815.394	2221.152	985.172	1429.037	1303.892	2088.87	1409.978	1334.456
18	2791	1086.11	979.96	1670.615	2195.51	1565.37	942.765	1869.275	2324.292	1014.296	1405.039	1313.055	2032.699	1375.596	1261.777
19	2851.944	1079.914	982.74	1551.231	2251.659	1615.373	933.53	1983.381	2428.016	1031.903	1388.859	1305.892	2020.6	1352.777	1196.623
20	2882.242	1078.676	990.316	1454.503	2215.634	1617.972	930.236	2093.194	2587.186	1076.555	1367.21	1268.968	1967.612	1309.463	1166.303
21	2862.101	1065.192	987.547	1464.712	2178.537	1606.193	916.487	2168.517	2695.615	1114.416	1360.724	1250.368	1958.653	1288.324	1143.554
22	2830.797	1051.811	1007.604	1470.816	2112.145	1512.837	914.75	2235.75	2740.089	1152.031	1391.475	1219.957	1976.068	1293.928	1118.888
23	2786.976	1044.441	1026.24	1477.69	2040.737	1361.821	900.275	2267.341	2797.584	1191.908	1432.579	1213.421	2023.465	1339.159	1121.371
24	2771.992	1053.49	1005.662	1492.117	2005.907	1199.105	907.723	2255.943	2789.43	1229.566	1510.754	1185.695	2104.808	1399.218	1148.803
25	2778.639	1057.359	1017.059	1507.196	2031.292	1224.263	926.44	2224.312	2728.67	1248.526	1600.734	1179.188	2202.15	1506.873	1214.86
26	2821.489	1083.199	1037.547	1547.718	2099.285	1275.652	966.34	2144.526	2658.188	1295.211	1669.561	1191.997	2293.773	1607.664	1299.507
27	2913.408	1118.419	1044.213	1613.019	2178.029	1330.573	1008.134	2110.586	2598.262	1359.77	1745.478	1228.162	2363.719	1732.062	1376.417
28	3081.084	1160.56	1073.841	1693.292	2330.044	1378.865	1041.196	2086.61	2536.529	1386.16	1766.675	1305.686	2439.496	1789.706	1471.665
29	3313.442	1208.1	1186.964	1791.561	2515.507	1465.882	1072.058	2087.937	2539.292	1435.853	1768.017	1380.071	2502.083	1879.036	1558.404
30	3624.398	1283.176	1331.031	1896.964	2688.705	1528.062	1114.86	2205.493	2613.949	1483.657	1768.106	1510.34	2566.43	1938.428	1602.89
31	3870.106	1298.401	1428.463	1968.164	2860.301	1557.8	1149.998	2330.405	2693.581	1520.199	1748.393	1610.519	2582.443	1945.763	1615.903
32	4061.549	1303.98	1476.895	2025.093	3034.65	1531.211	1143.803	2490.954	2847.319	1544.707	1695.268	1701.152	2584.404	1907.564	1589.75
33	4146.831	1269.961	1545.994	2075.467	3180.163	1524.436	1121.274	2638.183	3039.733	1580.617	1683.012	1739.368	2562.691	1868.262	1545.424
34	4273.288	1267.772	1605.656	2108.298	3300.501	1499.063	1094.729	2733.61	3221.253	1638.643	1677.719	1772.506	2543.202	1822.388	1491.612
35	4240.868	1257.355	1654.854	2113.15	3400.64	1490.008	1071.212	2773.489	3305.627	1661.695	1661.382	1776.918	2496.64	1787.118	1462.324
36	4208.803	1259.95	1660.794	2121.601	3416.302	1468.57	1048.538	2781.387	3351.697	1685.147	1703.624	1766.541	2413.586	1726.144	1415.457
37	4098.963	1245.674	1609.025	2127.258	3402.271	1454.328	1043.893	2736.302	3292.667	1681.744	1771.054	1723.236	2328.998	1686.411	1377.352
38	3985.795	1237.81	1590.024	2103.172	3361.589	1460.855	1046.252	2651.071	3255.005	1705.493	1850.631	1694.168	2240.897	1659.242	1362.348
39	3846.972	1243.481	1570.474	2104.747	3343.734	1497.915	1043.625	2596.998	3162.963	1711.089	1980.65	1653.655	2163.984	1675.96	1379.658
40	3744.7	1256.042	1535.226	2102.981	3349.208	1551.258	1069.158	2512.578	3101.021	1758.145	2088.743	1615.29	2118.783	1761.311	1438.196
41	3648.999	1287.928	1511.537	2163.948	3391.643	1629.266	1087.036	2455.731	3039.484	1818.845	2175.755	1558.495	2106.828	1893.476	1510.772
42	3590.433	1348.453	1551.218	2221.709	3492.522	1710.784	1131.535	2491.79	3035.22	1903.832	2247.43	1535.233	2172.185	2089.698	1634.965
43	3604.167	1419.814	1629.343	2334.361	3648.193	1794.14	1173.636	2604.099	3096.032	1983.591	2280.792	1526.382	2287.766	2318.745	1784.36
44	3646.407	1470.509	1717.858	2446.813	3862.313	1846.623	1193.569	2770.803	3264.908	2058.882	2236.285	1568.527	2479.781	2552.229	1933.246
45	3794.836	1525.683	1875.347	2600.902	4141.337	1906.967	1206.339	2954.822	3495.307	2138.817	2224.828	1627.578	2767.832	2807.792	2095.161
46	3983.473	1610.387	1957.822	2710.264	4449.658	1922.178	1233.867	3196.171	3780.634	2189.034	2186.047	1767.005	3111.451	2979.494	2226.22
47	4137.017	1637.515	2067.728	2796.614	4758.094	1926.112	1251.631	3296.065	3951.701	2241.105	2164.444	1896.566	3444.385	3117.29	2311.979
48	4289.062	1642.097	2104.427	2864.84	5004.377	1883.142	1252.892	3368.653	4187.096	2257.752	2129.822	2078.078	3717.795	3152.324	2333.891
49	4390.396	1607.007	2136.555	2902.282	5158.977	1851.538	1233.145	3394.743	4296.127	2268.522	2145.872	2202.181	3867.681	3133.177	2321.492
50	4520.821	1583.428	2138.294	2927.944	5255.046	1822.991	1213.587	3343.079	4331.852	2256.964	2153.418	2323.466	3885.516	3061.919	2292.487
51	4470.865	1571.378	2102.788	2924.194	5250.277	1803.427	1183.089	3267.533	4339.264	2231.704	2134.586	2420.091	3905.593	2971.568	2213.588
52	4387.278	1547.232	2097.716	2861.998	5158.979	1803.466	1167.524	3114.627	4196.251	2205.615	2145.678	2477.955	3847.026	2875.11	2123.307
53	4300.59	1530.436	2059.775	2827.209	5029.188	1811.128	1143.154	3009.47	4102.55	2182.673	2155.193	2450.703	3719.676	2760.704	2076.002
54	4099.006	1517.633	1999.94	2785.231	4883.308	1843.764	1123.271	2907.559	3992.885	2182.604	2223.422	2381.929	3514.139	2615.843	1984.346
55	3963.954	1506.193	1994.162	2775.8	4798.57	1893.456	1102.575	2781.052	3802.645	2207.71	2313.177	2300.58	3310.694	2515.937	1912.154
56	3816.201	1519.189	1950.558	2816.638	4768.06	1980.224	1100.517	2720.796	3734.826	2253.307	2452.152	2224.301	3101.306	2481.748	1869.771
57	3653.791	1554.546	1957.545	2865.393	4788.681	2067.111	1100.824	2721.109	3733.742	2356.845	2644.942	2116.668	2937.757	2543.83	1878.093
58	3531.126	1611.91	2013.376	2951.736	4894.8	2163.282	1117.735	2774.764	3777.326	2491.279	2810.945	2084.302	2824.625	2705.02	1951.188
59	3423.651	1662.379	2132.475	3099.594	5081.034	2237.301	1142.939	2891.501	4027.018	2660.627	2943.131	2025.476	2736.551	3000.181	2069.401
60	3328.508	1733.744	2308.207	3275.208	5397.713	2300.444	1186.754	3107.576	4322.28	2800.287	3036.424	1989.61	2740.504	3398.55	2275.486
61	3309.186	1802.097	2509.288	3475.236	5763.724	2357.355	1237.391	3379.828	4677.945	2909.536	3093.771	1987.286	2801.496	3874.029	2555.64
62	3322.536	1894.265	2702.369	3643.323	6063.253	2379.798	1280.107	3675.939	4964.34	2951.076	3084.289	2060.97	2987.023	4351.308	2836.117
63	3355.365	1936.795	2910.311	3791.062	6191.087	2379.57	1335.596	3800.281	5144.905	2968.742	3069.218	2153.654	3267.87	4801.116	3148.594
64	3354.702	1950.284	3032.763	3833.29	6297.274	2350.246	1342.316	3900.087	5255.421	2982.225	3031.917	2312.33	3572.577	5075.617	3413.717
65	3405.963	1931.143	3112.631	3870.241	6319.944	2331.581	1338.763	3935.987	5183.318	2941.388	2963.922	2481.848	3843.913	5223.322	3561.025
66	3428.522	1910.37	3154.986	3870.937	6232.457	2302.47	1317.187	3907.023	5169.56	2850.71	2881.686	2664.923	4141.249	5247.777	3651.556
67	3392.76	1883.279	3118.604	3784.35	6047.243	2277.074	1302.436	3818.833	4995.074	2830.289	2822.094	2802.028	4271.275	5189.388	3671.523
68	3361.507	1835.119	3069.709	3697.167	5847.581	2244.167	1277.86	3732.331	4828.934	2753.324	2750.366	2910.308	4333.733	5039.936	3571.794
69	3258.784	1798.199	2969.995	3572.104	5653.593	2226.399	1239.624	3555.102	4620.255	2696.94	2697.316	2947.152	4308.527	4849.61	3433.54
70	3171.555	1750.248	2781.217	3449.814	5435.093	2224.343	1205.551	3468.573	4408.909	2677.544	2703.744	2971.762	4204.711	4552.434	3285.883
71	3068.842	1718.611	2655.691	3413.117	5277.742	2265.963	1192.391	3312.561	4274.655	2716.073	2722.84	2958.045	4033.579	4280.605	3099.286
72	2951.614	1700.169	2566.953	3312.395	5118.5	2338.372	1171.74	3229.521	4108.242	2824.863	2793.685	2882.972	3863.33	4062.813	2990.321
73	2849.268	1710.773	2521.205	3295.339	5063.321	2457.832	1179.703	3148.785	3999.783	2951.403	2919.296	2800.806	3668.281	3845.82	2866.992
74	2737.232	1750.283	2584.322	3299.476	5043.655	2603.609	1201.486	3105.967	3981.24	3154.574	3109.307	2679.864	3470.737	3698.634	2817.152
75	2659.754	1817.614	2657.349	3347.681	5100.11	2769.504	1244.581	3132.258	4019.88	3340.242	3283.923	2610.656	3311.043	3614.759	2810.247
76	2611.183	1935.224	2806.047	3429.853	5190.676	2927.851	1275.52	3206.161	4068.769	3464.709	3467.433	2517.865	3182.586	3706.319	2875.414
77	2546.417	2031.989	2982.413	3561.829	5263.174	3073.109	1325.119	3301.891	4169.708	3566.784	3591.441	2425.019	3097.635	3979.638	3072.177
78	2540.072	2173.182	3119.387	3695.888	5298.147	3163.623	1376.799	3448.397	4264.175	3567.776	3631.656	2452.648	3048.392	4293.873	3325.948
79	2504.333	2259.612	3277.985	3800.168	5308.592	3229.001	1394.779	3572.178	4284.595	3547.898	3692.813	2479.911	2987.537	4751.378	3618.454
80	2496.915	2321.621	3403.747	3854.195	5276.054	3216.445	1417.774	3534.676	4244.173	3475.081	3610.126	2526.693	3012.438	5214.487	3917.291
81	2463.761	2320.025	3505.173	3903.471	5218.957	3180.256	1409.613	3548.204	4235.183	3391.192	3470.151	2558.501	3027.364	5578.515	4176.902
82	2428.208	2310.061	3524.371	3898.627	5097.337	3126.945	1410.166	3531.305	4176.561	3299.979	3386.425	2656.872	3047.167	5804.155	4266.915
83	2402.702	2283.815	3475.753	3853.094	4899.73	3041.922	1381.972	3456.765	4029.684	3254.668	3284.668	2739.148	3058.198	5953.539	4348.682
84	2352.592	2229.727	3365.088	3737.686	4654.103	2944.314	1354.816	3319.842	3866.368	3149.338	3106.255	2760.892	3020.019	5954.345	4278.905
85	2317.964	2176.676	3280.789	3618.333	4448.279	2866.765	1318.752	3234.971	3764.959	3132.935	2988.028	2739.214	2972.186	5858.551	4191.957
86	2241.761	2097.795	3149.531	3481.76	4226.863	2804.105	1290.578	3124.154	3616.276	3094.16	2915.255	2698.907	2910.959	5676.67	3985.96
87	2179.263	2040.822	3031.896	3378.435	4030.873	2800.463	1252.912	2969.535	3461.968	3113.231	2819.427	2636.708	2805.556	5474.211	3812.26
88	2111.092	1989.427	2916.27	3299.086	3882.042	2841.939	1228.762	2882.768	3339.415	3163.308	2754.259	2556.994	2695.149	5268.447	3649.364
89	2047.671	1957.142	2798.89	3199.831	3762.767	2946.738	1228.888	2747.985	3259.677	3296.148	2725.422	2472.33	2562.746	5020.154	3465.754
90	1987.951	1962.226	2733.594	3161.219	3709.978	3119.692	1216.553	2645.149	3129.135	3389.455	2722.042	2400.511	2446.36	4815.431	3403.703
91	1948.097	1993.44	2688.59	3138.918	3692.121	3341.748	1241.27	2604.7	3075.794	3510.107	2710.126	2304.356	2334.281	4604.329	3328.786
92	1911.833	2062.526	2692.971	3158.666	3700.332	3577.952	1263.774	2528.268	3060.018	3635.638	2710.216	2257.871	2235.24	4493.625	3350.363
93	1886.048	2146.416	2753.755	3219.888	3756.287	3783.88	1284.753	2465.19	3018.702	3737.3	2686.95	2219.632	2162.481	4504.8	3408.576
94	1892.483	2277.674	2810.713	3278.604	3789.212	3959.749	1328.465	2423.459	3004.87	3745.556	2622.433	2244.536	2114.8	4533.279	3501.162
95	1881.719	2379.331	2886.661	3339.874	3790.818	4051.709	1349.949	2402.652	2994.082	3707.515	2617.174	2286.045	2080.661	4594.155	3613.255
96	1865.797	2449.742	2919.586	3346.977	3735.036	4041.125	1398.067	2351.911	2919.945	3636.649	2547.311	2364.038	2063.312	4711.633	3721.426
97	1817.074	2447.633	2919.966	3345.498	3646.556	3982.247	1385.897	2286.289	2867.442	3579.249	2448.068	2389.48	2021.777	4762.974	3850.986
98	1803.184	2463.451	2903.529	3331.205	3555.127	3899.513	1385.488	2205.385	2809.647	3511.493	2366.921	2434.267	1987.637	4853.945	3880.805
99	1775.489	2443.067	2890.494	3277.343	3429.635	3753.927	1382.092	2145.085	2720.401	3447.963	2299.764	2454.868	1928.24	4849.542	3870.602
100	1746.894	2399.715	2846.237	3222.728	3304.372	3621.517	1331.46	2061.819	2653.193	3352.721	2205.547	2458.62	1861.342	4833.061	3761.054
101	1720.061	2354.695	2759.269	3164.664	3165.049	3512.948	1302.514	1984.236	2549.791	3279.852	2155.806	2433.538	1786.143	4654.202	3679.714
102	1694.139	2298.238	2690.251	3099.529	3030.09	3400.142	1283.73	1906.566	2475.292	3220.18	2112.879	2360.835	1720.035	4476.185	3526.239
103	1676.967	2243.874	2581.67	3023.116	2911.988	3308.399	1253.618	1825.096	2380.287	3223.748	2102.691	2293.963	1655.306	4266.154	3358.491
104	1651.509	2192.321	2473.824	2946.783	2803.063	3291.705	1210.664	1740.561	2308.997	3242.552	2095.089	2213.12	1576.138	4066.156	3196.327
105	1619.394	2164.047	2396.028	2887.13	2713.563	3352.195	1204.251	1673.338	2277.917	3350.367	2101.867	2112.278	1503.561	3833.712	3057.738
106	1601.958	2154.361	2306.349	2846.174	2689.411	3478.963	1181.994	1628.005	2263.901	3487.184	2120.997	2039.292	1447.564	3638.039	2939.225
107	1588.068	2176.582	2253.619	2839.152	2678.759	3685.635	1187.193	1577.198	2228.328	3561.798	2125.402	1949.454	1379.515	3468.963	2824.873
108	1580.448	2240.337	2200.339	2845.426	2713.08	3917.848	1187.697	1560.935	2212.436	3698.28	2135.833	1906.322	1344.682	3332.571	2758.845
109	1589.786	2324.187	2206.753	2868.87	2791.801	4181.435	1196.922	1516.98	2177.146	3810.399	2140.599	1871.408	1332.411	3214.624	2715.184
110	1607.596	2444.432	2194.364	2899.098	2850.712	4412.621	1191.032	1494.287	2165.739	3766.859	2130.269	1861.035	1344.024	3206.301	2698.141
111	1624.901	2537.134	2214.292	2936.35	2889.739	4584.76	1220.713	1454.83	2164.305	3757.115	2118.726	1889.56	1344.394	3188.353	2699.234
112	1631.782	2607.919	2184.557	2915.239	2863.68	4673.94	1223.356	1438.333	2144.789	3705.725	2063.922	1913.878	1360.837	3193.188	2703.248
113	1614.607	2635.512	2188.151	2926.648	2837.122	4711.194	1215.672	1398.892	2113.215	3667.716	2021.389	1942.108	1369.686	3213.964	2705.59
114	1607.294	2671.858	2164.344	2917.705	2793.885	4686.904	1212.5	1376.157	2078.228	3569.53	1982.979	1970.27	1382.608	3203.511	2684.876
115	1604.303	2667.997	2119.597	2893.222	2729.062	4599.094	1217.308	1371.642	2047.875	3471.348	1972.799	1980.011	1355.078	3180.443	2642.955
116	1596.154	2639.357	2046.117	2838.951	2644.416	4479.571	1197.758	1359.927	1998.419	3361.587	1941.738	1954.906	1328.269	3101.605	2587.987
117	1591.319	2581.515	1988.273	2782.544	2578.265	4358.367	1179.166	1336.542	1946.209	3268.32	1910.14	1923.083	1284.945	3011.164	2496.714
118	1572.406	2516.595	1925.418	2702.853	2466.052	4219.968	1152.219	1317.452	1917.393	3202.869	1872.795	1840.947	1244.869	2868.913	2408.038
119	1558.622	2431.257	1837.671	2644.655	2399.096	4125.037	1142.919	1313.989	1897.758	3184.957	1864.161	1774.721	1210.262	2729.917	2305.762
120	1547.98	2385.397	1775.903	2590.342	2320.463	4046.607	1128.219	1290.056	1869.593	3252.644	1862.955	1694.162	1169.709	2590.091	2216.421
121	1549.752	2310.928	1715.417	2549.805	2265.041	4029.279	1123.533	1298.582	1840.247	3266.333	1867.77	1616.348	1132.822	2461.79	2146.845
122	1533.442	2272.72	1646.937	2517.09	2214.711	4037.059	1104.73	1289.756	1820.189	3403.526	1905.492	1554.054	1103.669	2353.033	2091.98
123	1539.91	2258.804	1609.736	2512.835	2191.122	4113.625	1092.418	1283.778	1827.477	3510.851	1919.75	1499.284	1098.085	2276.837	2066.667
124	1542.125	2273.282	1553.314	2511.458	2189.216	4249.547	1092.047	1285.975	1797.975	3552.593	1940.225	1464.125	1095.675	2255.87	2062.092
125	1553.522	2313.579	1528.865	2540.422	2237.516	4424.157	1089.078	1283.632	1818.23	3674.927	1962.226	1482.8	1119.215	2202.125	2081.322
126	1594.962	2417.832	1507.998	2581.699	2291.797	4601.207	1084.372	1305.289	1815.04	3617.092	1980.035	1509.662	1155.465	2239.27	2102.105
127	1619.336	2482.692	1483.275	2591.473	2328.443	4733.21	1110.859	1295.456	1801.784	3575.766	1977.77	1552.044	1200.156	2304.881	2127.366
128	1632.331	2567.039	1424.89	2576.261	2334.752	4803.778	1110.507	1292.427	1783.625	3531.015	1941.867	1611.6	1215.148	2362.777	2132.488
129	1618.609	2600.433	1390.688	2573.071	2353.471	4850.147	1087.619	1283.611	1765.765	3453.263	1940.848	1648.671	1239.765	2402.885	2155.214
130	1628.548	2643.358	1363.094	2561.311	2356.324	4832.822	1082.35	1268.605	1745.682	3352.132	1896.067	1689.17	1255.413	2397.819	2150.674
131	1628.147	2644.671	1339.753	2539.349	2340.173	4773.484	1081.945	1263.719	1737.177	3294.668	1860.307	1735.112	1249.055	2417.852	2145.047
132	1630.935	2638.276	1316.77	2508.636	2316.079	4698.001	1072.019	1276.06	1713.903	3192.497	1839.787	1738.501	1238.043	2427.039	2100.167
133	1620.56	2590.104	1286.861	2471.689	2284.58	4576.274	1047.138	1264.286	1693.291	3099.234	1816.201	1743.095	1227.917	2418.59	2070.403
134	1620.737	2551.224	1257.053	2414.706	2228.899	4414.835	1037.795	1280.512	1680.787	3028.365	1792.592	1718.395	1198.318	2336.726	2020.052
135	1617.078	2497.211	1242.599	2371.281	2167.309	4265.305	1034.587	1280.453	1665.676	3065.774	1782.573	1673.151	1170.053	2277.269	1962.803
136	1608.487	2435.025	1211.152	2322.742	2121.757	4153.468	1021.184	1291.058	1660.853	3086.229	1804.744	1619.556	1153.01	2177.89	1903.662
137	1603.136	2378.511	1206.594	2306.952	2086.579	4105.97	1014.734	1297.019	1636.926	3136.571	1828.079	1569.826	1128.901	2107.835	1864.604
138	1608.418	2348.674	1185.858	2298.801	2067.885	4051.268	999.503	1298.977	1643.97	3225.585	1863.981	1531.363	1115.126	2071.069	1849.915
139	1610.283	2310.594	1170.193	2289.939	2036.002	4017.615	1004.891	1293.355	1632.016	3323.523	1896.637	1503.844	1118.884	2040.015	1853.442
140	1612.767	2305.735	1159.027	2302.673	2011.045	4044.677	1002.073	1308.563	1634.364	3393.059	1884.829	1466.703	1126.63	1996.054	1877.751
141	1629.085	2325.662	1171.231	2333.833	2039.965	4106.64	998.787	1314.323	1649.74	3507.331	1928.626	1452.383	1162.18	2045.542	1933.235
142	1670.843	2391.075	1189.779	2387.278	2051.4	4173.829	1010.226	1341.932	1664.298	3503.061	1906.623	1507.483	1214.939	2087.227	1989.741
143	1693.282	2421.086	1163.171	2414.447	2051.71	4218.828	1030.762	1345.721	1657.339	3460.413	1907.536	1544.85	1246.595	2161.172	2026.023
144	1717.313	2467.639	1133.06	2412.723	2030.276	4204.812	1032.159	1323.405	1632.512	3427.32	1856.41	1594.483	1281.426	2184.18	2054.753