TIME	20190410_W06	20190410_W07	20190410_W08	20190410_W09	20190410_W10	20190417_W06	20190417_W07	20190417_W09	20190417_W10	20190417_W11	20190429_W06	20190429_W07	20190429_W09	20190429_W10
0	1794.268	718.973	1555.996	1259.931	784.817	1222.592	634.994	582.528	1406.36	695.725	499.45	565.227	1035.231	636.843
1	1730.195	713.051	1618.235	1230.407	786.523	1269.771	677.041	617.847	1529.381	704.204	515.32	540.321	1026.875	659.983
2	1673.373	715.311	1669.631	1210.995	791.231	1280.393	654.653	653.613	1565.011	663.319	518.585	524.724	992.331	660.04
3	1609.696	754.062	1701.194	1219.679	792.145	1353.919	666.982	677.96	1640.344	632.253	527.012	523.289	970.99	658.692
4	1589.67	778.154	1719.802	1247.224	797.316	1474.089	676.557	709.55	1721.105	611.838	507.325	513.87	980.865	644.337
5	1640.061	834.138	1740.175	1317.3	785.037	1648.124	685.31	737.053	1803.532	588.101	512.509	538.826	986.152	622.877
6	1770.734	881.347	1756.121	1415.958	787.077	1862.024	681.077	759.019	1846.143	528.673	510.645	560.744	1043.43	619.808
7	1909.224	925.851	1781.884	1565.904	799.212	2096.553	711.802	768.223	1890.059	502.225	492.115	580.649	1118.182	592.714
8	2098.642	941.908	1802.313	1719.979	813.547	2242.951	726.253	762.673	1966.397	498.271	484.215	592.941	1259.325	591.873
9	2233.519	937.118	1840.65	1871.384	831.35	2386.099	730.289	778.627	2054.067	536.992	485.254	606.327	1404.339	609.471
10	2370.804	966.549	1936.347	2002.441	843.586	2437.296	742.547	770.376	2144.966	556.464	505.916	590.243	1555.064	615.803
11	2474.829	962.006	2044.012	2082.433	868.7	2467.315	751.161	753.484	2227.317	566.254	528.388	575.647	1694.392	639.755
12	2497.079	979.194	2205.788	2123.346	886.155	2411.556	764.551	728.874	2354.388	540.142	556.529	560.415	1815.774	663.258
13	2480.557	960.098	2348.515	2122.187	916.909	2336.477	767.801	722.079	2424.585	517.396	583.925	538.925	1871.318	698.5
14	2411.568	972.2	2546.353	2149.339	983.348	2218.088	792.651	714.768	2500.079	486.893	606.701	497.523	1928.611	701.631
15	2382.641	990.296	2660.98	2116.646	1044.414	2159.15	835.456	724.564	2569.689	474.359	608.676	490.295	1933.926	720.87
16	2299.347	1017.012	2732.862	2088.627	1088.601	2098.908	876.39	734.612	2598.89	466.5	626.864	473.636	1930.594	710.721
17	2265.03	1054.838	2770.477	2065.639	1138.894	2090.552	908.622	747.014	2573.494	450.959	628.978	482.87	1919.175	694.284
18	2176.617	1074.578	2739.546	2070.383	1171.037	2105.234	947.206	763.139	2540.769	445.335	602.107	485.826	1935.332	685.875
19	2129.588	1099.113	2669.421	2130.518	1179.737	2160.739	983.182	771.213	2475.179	435.983	599.114	501.819	2010.125	672.68
20	2155.191	1152.995	2649.746	2292.421	1188.613	2270.108	1004.124	767.873	2418.799	420.423	580.136	509.526	2163.66	667.766
21	2285.925	1207.695	2583.175	2503.709	1221.695	2349.917	1020.515	787.689	2366.845	450.83	565.28	529.378	2363.991	649.328
22	2452.089	1265.079	2507.232	2719.515	1205.419	2509.725	1067.946	797.698	2358.212	461.447	574.843	544.978	2610.258	656.279
23	2645.972	1303.432	2470.437	2971.311	1206.43	2608.718	1057.454	795.3	2349.583	474.02	579.058	562.047	2845.865	675.408
24	2944.015	1333.225	2490.244	3177.272	1185.444	2664.096	1068.073	778.961	2402.687	464.862	594.364	544.855	2980.153	678.564
25	3096.382	1355.702	2568.795	3288.764	1174.638	2680.401	1054.212	763.416	2453.856	476.912	600.049	527.642	3085.223	696.477
26	3195.651	1340.387	2669.477	3287.501	1181.35	2653.736	1053.74	764.511	2523.814	488.647	614.76	514.761	3094.716	733.536
27	3258.486	1337.398	2759.415	3272.955	1196.515	2584.488	1058.771	759.119	2589.973	489.003	625.08	504.34	3034.9	744.402
28	3203.343	1309.679	2842.576	3185.939	1204.476	2502.039	1070.234	754.235	2634.156	481.961	623.407	493.619	2974.596	744.445
29	3180.115	1296.267	2891.469	3072.754	1230.922	2417.296	1087.553	753.744	2640.427	461.44	621.399	492.375	2857.697	734.047
30	3051.426	1259.224	2857.612	2906.693	1276.532	2343.266	1126.012	754.968	2634.679	455.432	608.838	480.413	2697.274	706.726
31	2931.855	1234.475	2858.924	2825.104	1335.408	2255.119	1182.714	755.45	2597.048	442.528	592.671	470.614	2604.723	680.103
32	2761.743	1198.601	2785.521	2745.028	1396.832	2177.979	1245.157	769.011	2577.283	430.487	572.899	485.929	2573.073	668.886
33	2643.788	1196.291	2715.618	2741.979	1470.306	2127.511	1348.624	810.481	2541.469	442.701	561.153	508.382	2591.615	674.953
34	2570.991	1199.771	2650.677	2802.367	1542.722	2193.235	1498.767	851.325	2491.471	445.753	574.668	547.094	2713.479	687.218
35	2511.535	1223.76	2637.551	2944.51	1600.979	2262.686	1587.513	886.941	2468.797	457.906	569.937	554	2863.756	712.245
36	2517.767	1263.383	2607.269	3188.228	1617.164	2408.69	1696.439	928.124	2449.75	450.922	580.057	563.452	3054.502	746.017
37	2575.389	1296.366	2635.78	3384.889	1635.475	2565.69	1767.48	967.322	2483.019	469.492	593.066	555.306	3166.203	790.821
38	2673.108	1347.096	2721.525	3553.241	1618.058	2713.08	1826.768	1002.068	2503.364	484.393	607.442	549.341	3227.511	828.556
39	2802.822	1387.682	2782.813	3659.821	1635.465	2844.952	1881.567	1030.745	2567.748	501.666	641.261	540.858	3231.226	858.633
40	2881.371	1407.355	2827.517	3655.526	1634.318	2914.884	1893.946	1037.117	2631.182	500.682	672.32	539.554	3161.793	863.448
41	2928.193	1407.878	2851.817	3612.314	1623.412	2920.123	1882.449	1018.897	2670.887	499.914	682.267	538.758	3040.623	860.311
42	2902.624	1391.64	2878.906	3487.691	1620.156	2887.506	1862.165	1000.704	2663.288	495.64	693.602	526.259	2933.015	853.121
43	2854.005	1354.075	2878.171	3362.217	1632.17	2811.72	1853.19	977.402	2667.151	488.232	681.425	510.463	2770.714	830.499
44	2780.358	1320.977	2880.355	3219.781	1669.785	2717.459	1831.224	959.252	2635.135	486.011	696.272	519.483	2672.928	812.595
45	2694.6	1294.108	2900.981	3111.719	1761.514	2616.584	1868.954	951.943	2635.698	508.068	685.848	507.687	2597.994	808.71
46	2615.54	1280.79	2932.227	3033.38	1844.436	2548.082	1961.264	962.411	2618.053	499.178	691.15	528.383	2587.164	804.667
47	2521.509	1246.247	2982.689	3019.616	1983.433	2489.544	2075.303	979.105	2600.556	511.195	690.648	541.179	2633.123	825.005
48	2454.282	1225.907	3038.051	3073.598	2072.739	2457.505	2201.562	998.437	2593.875	494.037	712.828	559.053	2742.614	850.714
49	2407.153	1225.867	3107.292	3166.178	2161.476	2456.776	2343.041	1021.713	2583.752	503.789	715.175	563.316	2861.905	887.685
50	2408.324	1245.352	3170.069	3305.747	2211.086	2556.125	2493.017	1075.856	2579.516	522.092	748.84	571.184	2965.198	921.261
51	2422.512	1278.162	3231.159	3391.362	2231.832	2634.545	2596.331	1104.119	2581.28	537.282	769.466	565.301	3005.648	943.883
52	2449.63	1307.192	3218.537	3455.96	2183.01	2691.833	2614.643	1143.722	2598.589	552.029	784.464	563.421	2970.911	950.053
53	2485.092	1314.38	3225.236	3444.546	2146.47	2748.257	2622.036	1164.772	2572.166	564.015	785.111	549.597	2935.904	951.457
54	2500.933	1322.664	3177.925	3363.388	2090.596	2788.898	2585.894	1167.471	2595.42	570.127	786.572	547.09	2849.015	936.295
55	2526.156	1327.935	3127.219	3298.786	2033.653	2787.979	2531.071	1153.402	2603.415	579.511	771.507	539.5	2761.054	917.74
56	2541.967	1316	3100.626	3228.238	1992.678	2792.921	2464.253	1150.414	2620.299	584.668	757.291	528.778	2653.162	886.591
57	2512.092	1306.032	3077.493	3147.499	1968.912	2757.888	2377.317	1160.49	2638.702	606.986	737.415	530.329	2610.875	881.606
58	2554.156	1319.613	3140.243	3089.881	1966.518	2747.728	2339.378	1157.667	2677.772	623.358	736.516	538.055	2570.939	881.867
59	2571.021	1312.936	3221.551	3095.043	2001.229	2735.636	2285.007	1144.57	2707.028	613.057	738.258	554.823	2606.751	894.637
60	2612.094	1312.588	3373.79	3122.082	2061.666	2692.07	2307.641	1140.081	2724.546	591.521	765.576	562.736	2722.788	929.425
61	2654.754	1327.211	3524.146	3196.698	2155.127	2671.535	2347.544	1150.219	2739.974	594.847	798.959	575.054	2821.576	973.278
62	2685.906	1347.389	3663.633	3301.005	2230.629	2687.431	2414.219	1170.787	2741.667	614.823	842.817	580.006	2934.4	1015.437
63	2718.248	1361.937	3759.375	3353.546	2301.902	2674.655	2471.45	1170.54	2730.57	625.916	881.677	599.546	3007.411	1033.867
64	2764.007	1367.315	3749.601	3373.527	2334.837	2675.696	2517.505	1191.983	2722.839	623.663	913.981	609.258	3025.783	1059.658
65	2740.467	1377.922	3739.435	3355.479	2337.79	2662.794	2509.576	1206.9	2684.649	635.627	925.333	593.115	2976.931	1050.903
66	2700.803	1365.271	3675.127	3313.934	2316.384	2659.691	2527.112	1222.39	2663.718	635.334	925.912	594.77	2915.208	1049.136
67	2716.139	1353.831	3571.972	3256.732	2282.699	2627.459	2487.192	1211.887	2649	642.182	916.764	588.511	2815.358	1020.633
68	2664.292	1352.376	3467.933	3235.129	2282.385	2593.622	2444.75	1215.838	2622.643	654.382	899.235	575.608	2699.654	989.49
69	2639.008	1336.501	3368.056	3165.821	2285.307	2580.01	2404.091	1236.814	2639.373	681.078	883.493	564.283	2644.043	998.964
70	2629.876	1329.702	3317.368	3166.186	2315.388	2605.816	2363.312	1276.717	2670.262	682.741	869.528	592.672	2630.972	1001.941
71	2658.198	1331.946	3306.138	3192.644	2375.406	2648.902	2344.154	1290.538	2702.323	691.235	876.131	601.126	2653.676	1030.217
72	2713.44	1351.633	3386.25	3277.902	2464.189	2722.923	2322.37	1316.16	2781.828	668.765	890.311	614.656	2703.3	1062.728
73	2802.892	1385.137	3488.647	3411.381	2577.694	2790.048	2315.968	1330.881	2839.141	675.314	910.182	620.248	2796.891	1115.644
74	2843.213	1414.996	3626.556	3544.678	2663.277	2860.987	2331.951	1370.518	2888.129	677.6	964.285	640.351	2894.847	1170.765
75	2965.563	1464.439	3718.366	3631.701	2717.824	2903.709	2344.665	1381.349	2937.457	678.905	1003.448	654.67	2986.1	1205.233
76	3099.896	1504.794	3747.95	3672.539	2767.842	2945.866	2342.068	1403.295	2977.406	682.619	1037.008	654.497	3041.484	1223.838
77	3120.233	1528.343	3781.368	3719.554	2776.162	2970.174	2347.978	1405.479	2974.851	678.288	1062.337	663.647	3052.012	1235.055
78	3257.21	1541.984	3776.76	3706.383	2776.13	2956.186	2328.227	1393.85	2981.836	694.859	1062.454	664.228	2989.992	1214.259
79	3222.416	1532.698	3725.868	3647.769	2763.297	2931.515	2302.527	1363.757	2967.752	694.802	1050.96	655.803	2953.747	1204.122
80	3260.25	1536.082	3687.082	3626.746	2734.563	2895.98	2273.667	1334.833	2939.254	712.496	1036.108	656.39	2881.595	1187.735
81	3236.603	1531.849	3659.577	3625.455	2780.535	2855.751	2262.885	1324.571	2948.689	740.282	1016.817	642.967	2863.657	1185.429
82	3295.957	1543.692	3638.733	3659.995	2824.876	2873.827	2278.358	1319.724	2970.95	768.539	987.972	652.201	2871.075	1204.342
83	3324.988	1560.629	3667.064	3760.638	2942.838	2922.119	2261.052	1339.044	2992.333	782.342	968.675	657.131	2881.636	1238.361
84	3388.486	1568.363	3763.24	3882.45	3084.732	2925.138	2268.099	1339.477	3023.419	765.016	964.614	677.589	2946.53	1273.534
85	3431.503	1594.697	3854.901	4033.476	3257.835	2964.57	2301.882	1324.53	3086.515	777.98	968.477	691.021	3073.031	1342.526
86	3478.805	1643.368	3964.565	4201.659	3474.311	3073.706	2320.724	1354.601	3141.29	774.123	992.861	710.115	3200.458	1405.032
87	3542.366	1668.849	4041.316	4327.413	3615.641	3107.84	2323.415	1356.28	3165.703	771.644	1022.844	739.251	3254.766	1442.577
88	3624.973	1724.276	4097.638	4376.274	3730.34	3159.779	2309.383	1362.68	3211.031	763.648	1051.48	748.504	3321.983	1466.693
89	3651.152	1729.205	4134.956	4407.713	3752.167	3192.825	2314.041	1353.785	3213.606	746.247	1078.632	764.286	3326.078	1452.512
90	3659.614	1742.428	4106.757	4416.588	3748.66	3269.45	2290.818	1323.319	3222.618	736.38	1084.336	755.703	3266.977	1434.834
91	3705.272	1739.222	4073.344	4377.59	3732.132	3348.273	2247.31	1302.405	3231.704	730.896	1085.656	767.373	3254.345	1399.873
92	3701.031	1719.676	4041.514	4379.631	3742.632	3349.795	2220.206	1295.229	3244.565	727.715	1074.487	756.992	3181.16	1355.812
93	3664.548	1700.894	3997.054	4351.792	3706.653	3393.046	2207.578	1272.573	3268.838	755.166	1060.148	745.825	3160.954	1366.539
94	3669.578	1703.182	3993.833	4369.305	3717.658	3403.821	2195.094	1257.344	3287.132	769.666	1051.964	755.648	3148.422	1340.253
95	3649.183	1699.881	4041.475	4471.486	3776.952	3490.768	2221.36	1245.072	3296.568	794.099	1026.547	773.677	3175.562	1365.693
96	3624.12	1692.782	4104.163	4513.031	3869.816	3536.155	2229.949	1219.885	3311.968	785.189	1023.767	793.015	3217.845	1394.73
97	3625.53	1702.706	4198.415	4587.759	3996.316	3602.465	2257.551	1201.392	3326.12	805.603	1006.005	798.448	3276.42	1444.492
98	3644.356	1710.608	4296.945	4663.19	4090.875	3628.165	2254.377	1197.504	3350.034	816.969	1015.975	817.456	3331.322	1503.532
99	3638.169	1733.289	4357.765	4734.732	4179.498	3706.461	2300.786	1174.035	3365.378	814.43	1034.956	846.276	3419.349	1545.102
100	3599.734	1730.363	4413.274	4760.295	4250.985	3775.095	2272.211	1152.833	3382.22	806.561	1062.563	871.501	3448.804	1565.266
101	3565.796	1728.219	4401.674	4737.659	4241.498	3787.523	2308.651	1143.839	3376.027	793.194	1076.019	886.209	3507.852	1570.402
102	3537.373	1719.807	4390.016	4691.792	4215.989	3783.128	2265.571	1120.177	3346.39	781.243	1092.835	897.145	3485.384	1552.538
103	3460.517	1694.35	4343.566	4648.134	4158.886	3809.489	2227.79	1082.706	3302.58	763.486	1105.857	899.523	3483.672	1529.211
104	3395.617	1672.462	4292.444	4600.648	4077.497	3774.516	2177.13	1056.456	3281.893	752.847	1102.485	895.836	3434.03	1499.261
105	3312.914	1634.48	4247.094	4544.889	4020.582	3772.417	2159.281	1039.489	3244.21	765.095	1101.42	906.48	3404.253	1490.998
106	3249.515	1608.847	4237.693	4535.972	3943.874	3782.312	2153.845	1025.617	3217.303	776.315	1107.808	919.907	3424.535	1477.612
107	3192.741	1592.762	4255.081	4599.955	3921.117	3793.138	2160.363	1003.862	3201.088	781.109	1092.232	932.232	3423.879	1485.794
108	3134.643	1570.37	4276.929	4605.875	3941.153	3810.219	2218.667	977.68	3185.04	783.442	1098.76	960.326	3463.49	1526.162
109	3107.358	1552.714	4378.686	4641.276	3993.449	3837.242	2208.849	967.183	3172.688	803.729	1083.184	965.104	3521.863	1571.216
110	3085.75	1537.875	4445.133	4713.201	4040.458	3910.414	2289.191	947.788	3178.338	805.648	1083.597	986.89	3583.133	1649.292
111	2972.582	1519.898	4468.345	4669.078	4104.72	3881.674	2325.04	944.182	3163.977	812.95	1093.378	1013.63	3617.562	1682.268
112	2983.834	1506.735	4480.981	4623.681	4063.429	3875.285	2354.86	926.739	3146.687	814.424	1098.572	1025.259	3612.139	1697.18
113	2897.822	1490.231	4434.726	4588.935	4029.204	3884.812	2376.067	909.567	3094.49	807.067	1117.745	1039.485	3585.418	1699.841
114	2824.95	1463.555	4378.312	4503.604	3954.206	3872.484	2337.687	889.468	3039.841	802.498	1097.505	1053.752	3534.734	1688.204
115	2784.051	1427.888	4276.78	4396.443	3863.238	3795.449	2374.308	872.6	2986.285	787.482	1100.358	1047.369	3476.745	1649.283
116	2693.14	1390.115	4185.852	4292.045	3749.894	3718.779	2336.784	853.57	2919.252	781.356	1097.651	1042.533	3408.886	1627.804
117	2551.783	1360.292	4088.345	4184.15	3667.695	3669.705	2296.09	843.764	2856.642	803.153	1101.518	1045.881	3370.728	1571.753
118	2535.725	1350.859	4018.638	4108.977	3560.654	3581.096	2321.394	834.533	2791.941	799.37	1098.286	1037.23	3313.895	1583.016
119	2418.051	1334.791	3941.635	4064.183	3510.971	3576.883	2349.041	814.697	2742.875	807.082	1104.063	1028.727	3287.538	1576.776
120	2387.477	1316.917	3916.105	4018.6	3449.203	3528.381	2362.613	799.154	2687.096	810.492	1095.609	1024.721	3298.826	1591.294
121	2318.196	1285.756	3886.587	3986.042	3410.039	3484.612	2378.397	788.263	2650.959	819.024	1109.991	1022.41	3312.518	1642.92
122	2235.241	1278.934	3884.874	3954.045	3375.444	3453.359	2426.637	792.121	2621.548	829.195	1104.917	1023.802	3278.911	1678.998
123	2188.872	1259.955	3875.136	3889.775	3340.637	3414.298	2466.803	792.614	2564.391	834.378	1116.506	1029.798	3268.844	1709.443
124	2137.533	1239.903	3856.014	3848.642	3322.521	3358.708	2515.017	788.732	2517.568	827.584	1130.874	1026.208	3231.191	1720.144
125	2074.3	1228.901	3796.967	3766.37	3252.127	3210.383	2466.001	787.082	2470.622	820.139	1131.324	1026.579	3198.51	1733.099
126	2034.271	1206.761	3728.497	3693.424	3182.333	3213.801	2458.455	772.996	2440.568	810.341	1131.314	1013.088	3147.878	1713.31
127	1985.086	1180.732	3664.99	3583.21	3118.337	3118.604	2385.578	765.086	2382.583	786.504	1118.694	1010.768	3074.048	1710.751
128	1930.186	1157.167	3571.037	3507.989	3064.025	3047.967	2464.552	749.719	2317.586	775.97	1127.731	997.714	3021.503	1670.088
129	1881.464	1143.425	3505.774	3431.638	3008.289	2935.722	2389.225	753.529	2271.012	785.567	1111.874	992.987	2997.427	1671.164
130	1851.9	1132.043	3411.468	3369.599	2954.861	2895.793	2425.281	749.549	2226.985	779.58	1124.036	988.128	2975.594	1687.116
131	1812.518	1114.279	3384.005	3335.337	2916.099	2818.873	2379.484	747.984	2189.06	780.692	1096.554	976.953	2956.694	1675.997
132	1775.175	1097.536	3350.007	3289.077	2841.558	2774.157	2433.69	732.314	2145.453	771.402	1110.624	959.302	2947.951	1681.325