TIME	20190410_W01	20190410_W02	20190410_W04	20190410_W05	20190417_W01	20190417_W02	20190417_W03	20190417_W04	20190417_W05	20190429_W01	20190429_W02	20190429_W03	20190429_W04	20190429_W05
0	923.28	936.591	548.734	803.837	446.13	661.449	1623.356	925.624	1356.177	685.148	524.808	995.43	644.38	1429.901
1	871.757	941.124	537.352	822.892	442.371	700.891	1664.561	1005.85	1511.374	659.308	508.963	985.059	636.334	1527.972
2	855.775	903.967	534.23	846.781	439.608	738.355	1661.557	1058.124	1574.765	641.843	515.844	1006.383	639.401	1581.121
3	922.75	894.554	538.383	844.19	437.534	767.452	1613.102	1109.204	1689.744	620.65	521.927	1038.414	648.845	1572.11
4	931.243	879.526	536.553	806.673	429.072	800.992	1630.628	1145.518	1872.71	598.563	521.636	1108.494	659.917	1619.173
5	913.574	862.12	554.521	827.481	441.386	840.593	1711.061	1202.302	2014.046	593.304	540.686	1176.548	666.747	1622.867
6	922.393	860.359	553.344	788.803	452.298	884.251	1841.77	1246.173	2115.125	588.489	553.557	1292.564	678.625	1619.029
7	977.578	890.955	551.792	750.916	456.391	891.834	1991.646	1258.141	2190.161	592.562	543.473	1413.027	674.467	1633.638
8	1057.48	938.106	553.756	737.533	467.757	883.268	2183.917	1311.711	2219.684	610.109	546.508	1546.388	678.573	1617.69
9	1144.182	999.737	548.724	714.816	477.397	873.771	2361.996	1370.206	2251.249	640.047	552.729	1661.702	676.452	1661.312
10	1238.771	1061.446	549.935	720.371	505.379	890.29	2537.943	1387.971	2254.92	668.677	556.205	1746.907	690.871	1812.473
11	1333.263	1111.464	545.277	712.995	506.898	871.995	2677.833	1473.715	2181.579	681.489	562.168	1800.357	678.585	2003.679
12	1405.932	1152.779	540.452	713.529	502.702	857.51	2732.392	1509.787	2128.475	679.855	556.864	1822.178	657.556	2178.553
13	1442.407	1158.642	530.538	714.365	486.82	829.003	2718.898	1625.663	2022.916	668.774	550.944	1812.741	629.338	2420.732
14	1488.397	1161.682	522.937	707.728	485.376	853.412	2701.048	1756.871	2005.242	649.334	547.987	1793.283	631.764	2498.045
15	1500.007	1178.235	527.525	731.491	479.164	891.066	2634.583	1865.291	2082.612	618.678	560.353	1777.976	658.963	2577.047
16	1484.021	1162.135	541.765	732.073	483.543	946.312	2520.067	1995.753	2126.259	596.85	583.822	1799.555	710.988	2643.807
17	1474.458	1146.115	581.139	729.916	497.949	1009.529	2494.812	2131.916	2267.458	589.747	614.587	1852.766	728.225	2607.29
18	1475.46	1133.918	607.879	732.793	503.936	1083.908	2441.446	2209.58	2405.217	588.082	642.319	1934.275	756.284	2525.9
19	1455.607	1118.165	643.914	723.19	523.469	1135.074	2442.281	2304.115	2485.189	613.395	665.679	2094.506	770.91	2481.458
20	1478.297	1128.05	674.708	710.743	532.337	1176.068	2515.774	2368.586	2597.188	627.889	673.008	2252.207	768.406	2404.077
21	1524.262	1152.806	686.062	713.279	542.387	1193.728	2615.017	2362.764	2542.674	675.239	667.091	2417.329	763.856	2328.358
22	1653.497	1240.411	693.869	695.243	567.865	1215.826	2847.615	2391.773	2563.161	730.155	682.633	2615.068	759.486	2461.48
23	1829.903	1316.955	692.913	681.601	575.816	1187.095	3058.458	2428.076	2532.848	766.054	661.664	2748.221	727.946	2563.469
24	2023.973	1403.485	687.421	674.012	579.571	1164.401	3285.54	2447.102	2440.773	796.4	637.647	2792.999	707.361	2751.136
25	2223.351	1474.594	661.96	681.465	567.629	1125.837	3327.955	2458.098	2316.914	800.379	619.316	2775.269	671.6	3070.063
26	2379.845	1540.653	638.622	690.1	573.845	1116.025	3399.691	2495.334	2215.722	796.939	616.376	2741.737	675.84	3402.003
27	2498.905	1595.105	625.534	713.171	571.108	1105.521	3401.189	2576.726	2164.867	792.587	630.731	2692.272	680.57	3565.221
28	2569.918	1614.194	622.854	738.576	579.26	1109.044	3258.631	2632.346	2110.523	781.051	650.52	2628.946	717.988	3713.735
29	2612.003	1598.77	638.76	777.56	596.747	1149.547	3251.702	2825.65	2131.823	765.454	677.632	2564.502	749.77	3707.178
30	2602.173	1586.588	671.303	814.649	611.692	1219.454	3106.831	2997.969	2192.526	749.95	706.709	2578.843	768.036	3619.453
31	2563.244	1530.54	705.677	834.063	649.18	1316.414	3022.549	3113.24	2340.265	738.16	742.076	2653.9	768.667	3496.92
32	2526.538	1505.924	729.094	847.378	668.593	1396.599	2861.092	3267.828	2441.116	733.047	739.665	2813.516	791.429	3418.969
33	2467.721	1484.683	752.219	852.983	703.566	1494.74	2877.926	3276.146	2580.483	744.538	734.004	3031.593	790.494	3262.682
34	2465.222	1485.693	786.816	858.334	738.522	1581.063	2938.352	3316.007	2669.205	810.995	746.432	3298.876	797.494	3175.259
35	2519.182	1495.131	785.137	858.034	762.422	1615.38	3080.388	3327.25	2743.824	872.359	724.342	3495.532	782.584	3133.726
36	2671.372	1523.605	775.215	859.45	775.838	1632.298	3247.172	3282.019	2768.081	944.586	704.588	3692.429	752.252	3174.731
37	2860.916	1586.977	762.538	846.904	771.158	1575.599	3491.135	3216.641	2678.303	1004.25	676.292	3743.54	726.115	3423.964
38	3156.231	1660.059	736.23	853.351	775.376	1539.901	3733.74	3154.528	2634.077	1042.357	680.29	3738.024	723.49	3759.979
39	3518.679	1769.314	717.677	873.414	777.777	1504.509	3934.749	3064.773	2526.58	1065.76	688.728	3624.696	720.765	4140.377
40	3869.691	1846.281	732.049	904.331	781.557	1457.078	4028.351	3142.352	2434.291	1079.504	711.719	3499.068	769.079	4496.294
41	4208.278	1907.379	733.444	944.044	782.944	1443.498	4111.507	3242.908	2342.63	1060.184	728.146	3385.772	809.95	4609.538
42	4437.285	1963.291	748.988	976.773	785.605	1422.355	4008.979	3269.684	2289.358	1025.308	746.235	3355.184	840.189	4784.84
43	4535.287	1968.811	779.047	1011.315	813.969	1425.869	3974.531	3398.147	2292.737	993.263	755.593	3287.195	896.02	4758.085
44	4617.287	1970.199	825.885	1052.998	844.374	1473.01	3917.579	3557.682	2346.044	974.349	751.599	3330.974	926.541	4656.966
45	4555.676	1928.092	841.185	1087.379	867.361	1553.776	3757.225	3793.295	2423.259	955.895	751.05	3502.151	951.767	4479.301
46	4436.584	1908.436	881.887	1116.526	914.653	1676.385	3683.34	4002.054	2595.361	971.174	755.187	3696.83	953.291	4286.193
47	4291.999	1881.171	907.582	1123.165	952.895	1794.988	3555.263	4015.188	2742.98	1011.641	722.74	3916.566	947.498	4077.455
48	4191.203	1845.252	893.932	1129.214	968.753	1900.403	3571.871	4106.328	2843.59	1072.836	716.274	4198.042	920.618	3987.884
49	4087.148	1822.396	861.9	1114.604	975.566	1960.526	3628.121	4060.529	2887.233	1132.07	685.414	4359.893	876.896	3991.07
50	4098.638	1818.943	826.926	1101.03	971.216	1999.606	3824.908	3965.925	2960.333	1200.402	676.121	4458.904	849.529	4132.557
51	4255.744	1858.897	821.92	1107.136	972.76	2026.498	4100.214	4011.982	2951.831	1237.433	662.708	4449.33	847.268	4383.36
52	4527.001	1934.837	796.397	1125.723	956.245	2020.282	4408.637	3849.932	2873.729	1274.561	672.502	4364.376	856.587	4777.906
53	4848.343	2044.918	770.656	1161.097	968.509	1985.815	4758.31	3891.352	2810.253	1273.192	674.904	4226.24	894.615	5117.405
54	5193.68	2168.861	758.212	1206.867	954.85	1919.315	5083.075	3926.231	2710.188	1245.386	708.607	4072.45	932.823	5398.389
55	5478.582	2316.412	749.231	1238.755	961.32	1853.825	5394.284	3945.384	2619.429	1219.347	721.399	3954.727	977.357	5663.497
56	5676.205	2419.712	762.749	1306.782	961.94	1832.772	5455.502	4060.979	2549.281	1198.317	745.69	3927.068	1013.742	5722.663
57	5727.697	2504.986	776.09	1358.72	981.286	1793.589	5558.13	4204.118	2513.513	1151.794	741.45	3898.663	1032.592	5705.707
58	5749.523	2576.887	798.776	1410.53	1006.538	1829.64	5588.453	4309.522	2521.158	1143.49	767.451	3982.001	1032.437	5519.596
59	5666.926	2573.758	820.734	1419.818	1038.207	1879.812	5441.042	4427.82	2573.685	1149.221	749.028	4200.299	1030.458	5401.295
60	5501.091	2527.051	805.849	1458.131	1071.708	1958.196	5359.242	4655.999	2668.629	1192.976	738.283	4356.493	1023.668	5172.35
61	5305.338	2497.132	783.574	1418.917	1073.058	2050.386	5195.236	4641.42	2760.926	1258.179	711.525	4570.777	979.008	5026.889
62	5098.214	2414.27	772.364	1404.352	1096.386	2180.298	5076.174	4704.502	2835.552	1337.552	694.067	4789.857	958.533	4957.241
63	4984.588	2367.471	752.489	1384.965	1090.74	2354.445	5034.716	4793.523	2906.715	1417.477	685.635	4881.262	947.899	4942.374
64	4948.426	2349.017	724.621	1369.219	1095.173	2493.594	5102.718	4743.375	2977.823	1470.746	691.301	4969.891	949.881	5096.336
65	4973.228	2343.92	711.142	1377.677	1096.238	2631.122	5261.955	4734.214	3016.272	1496.463	705.148	4971.943	966.869	5387.621
66	5160.593	2383.597	692.661	1425.592	1074.436	2720.834	5464.537	4695.441	2974.169	1490.976	732.12	4914.396	1004.653	5735.467
67	5434.155	2509.189	684.185	1454.816	1069.452	2772.165	5792.285	4733.168	2974.056	1464.463	754.107	4829.926	1051.031	6063.09
68	5847.685	2617.437	678.298	1484.823	1049.923	2810.805	6125.128	4689.512	2976.979	1416.155	773.991	4674.348	1087.247	6444.158
69	6217.066	2829.427	685.015	1518.409	1049.159	2781.311	6462.979	4771.125	2899.436	1370.178	802.307	4625.457	1125.136	6674.968
70	6592.522	3042.873	694.808	1610.012	1061.937	2814.987	6709.325	4844.078	2845.413	1346.903	825.191	4635.542	1178.706	6829.286
71	6886.999	3216.69	708.894	1619.675	1102.604	2741.953	6830.47	4903.175	2849.585	1331.094	822.438	4686.136	1193.944	6894.476
72	7120.984	3403.153	720.318	1677.27	1118.757	2685.143	6922.782	4907.021	2813.482	1347.507	830.923	4763.295	1185.649	6926.974
73	7204.583	3452.303	713.96	1630.351	1156.55	2661.184	6961.42	5108.533	2817.62	1395.603	806.891	4912.114	1160.059	6591.511
74	7125.463	3518.403	710.305	1659.519	1215.905	2671.953	6828.826	5152.238	2863.25	1471.966	789.432	5124.96	1141.966	6519.961
75	7096.69	3505.803	708.4	1666.177	1239.039	2734.006	6621.807	5301.454	2888.78	1556.552	779.535	5236.542	1116.784	6487.501
76	6903.422	3511.035	696.059	1640.005	1281.652	2846.148	6383.865	5345.867	2951.391	1649.71	770.357	5386.461	1099.07	6407.581
77	6760.167	3377.673	696.172	1594.559	1324.708	2944.82	6395.174	5478.529	3089.84	1721.507	782.65	5483.31	1099.522	6397.236
78	6670.083	3305.017	681.395	1622.612	1334.024	3081.825	6347.591	5439.788	3167.522	1748.596	796.638	5571.887	1129.838	6472.397
79	6611.747	3285.119	679.906	1630.15	1335.249	3236.533	6233.468	5466.448	3269.855	1741.148	838.463	5668.513	1152.882	6721.363
80	6598.761	3240.004	673.663	1640.115	1310.672	3345.633	6514.789	5432.663	3329.353	1716.695	880.277	5701.413	1211.423	7050.089
81	6785.751	3186.659	673.175	1702.059	1313.722	3406.545	6718.57	5526.73	3346.848	1660.012	924.644	5691.52	1262.876	7411
82	7031.389	3321.742	694.424	1784.615	1315.167	3455.483	7021.157	5506.871	3402.83	1642.125	977.74	5689.771	1350.241	7660.43
83	7394.221	3418.591	713.468	1878.698	1322.044	3441.361	7193.595	5505.414	3406.393	1611.409	1014.338	5616.2	1388.807	8128.183
84	7814.747	3531.493	734.322	1903.391	1345.02	3355.606	7396.108	5469.207	3354.588	1600.646	1020.337	5673.741	1396.325	8159.742
85	8087.601	3687.956	746.974	1986.787	1355.785	3253.43	7499.661	5467.93	3300.327	1627.815	999.521	5738.088	1381.079	8181.5
86	8424.174	3807.162	763.122	1957.384	1405.939	3198.142	7603.293	5524.831	3243.815	1685.517	986.688	5902.026	1345.583	8213.756
87	8628.231	3898.051	776.907	1914.672	1495.969	3138.568	7485.183	5655.815	3242.709	1784.932	977.179	5993.675	1338.366	8107.919
88	8742.059	3940.207	778.471	1882.509	1567.56	3082.325	7424.463	5727.748	3262.751	1895.225	953.835	6070.897	1297.502	8074.885
89	8737.638	3985.284	786.352	1892.838	1631.6	3118.035	7237.138	5870.993	3256.827	1997.361	937.36	6179.514	1292.296	8000.742
90	8722.672	3964.72	777.124	1904.956	1690.044	3205.662	7119.188	5908.113	3281.729	2067.804	943.307	6333.291	1293.177	7956.467
91	8727.553	3900.122	783.011	1901.675	1696.467	3257.183	6847.205	5927.594	3350.36	2102.033	973.992	6309.214	1296.339	7948.588
92	8619.779	3833.068	784.103	1932.512	1740.461	3354.366	6826.632	5995.375	3392.969	2092.61	1015.813	6419.949	1315.676	8083.792
93	8653.449	3714.866	785.459	1960.889	1728.472	3431.902	6748.423	5983.32	3436.732	2054.545	1077.832	6534.962	1360.166	8257.288
94	8618.269	3651.069	802.159	2061.566	1715.851	3476.024	6595.004	5993.313	3470.753	2027.599	1177.181	6571.781	1448.214	8519.406
95	8627.379	3654.604	821.928	2162.589	1728.081	3502.334	6554.924	5929.805	3510.765	1960.299	1244.708	6532.965	1503.052	8725.2
96	8683.949	3642.998	844.559	2258.856	1687.982	3457.791	6524.276	5926.641	3500.591	1939.447	1297.212	6645.69	1563.846	9058.257
97	8837.974	3601.188	854.142	2337.418	1664.357	3348.543	6435.858	5885.769	3430.818	1916.355	1288.495	6595.55	1582.217	9194.657
98	9047.178	3619.619	891.463	2425.105	1667.438	3290.082	6408.638	5910.434	3467.658	1957.54	1294.029	6661.9	1590.543	9195.316
99	9254.832	3559.593	942.624	2452.36	1686.181	3195.615	6316.584	5845.206	3473.529	2053.577	1265.619	6602.026	1596.063	9393.675
100	9432.108	3518.122	970.204	2437.058	1762.352	3097.627	6219.791	5828.618	3412.526	2141.212	1241.319	6643.955	1561.825	9310.208
101	9528.104	3470.438	995.485	2391.45	1822.83	2998.957	6103.398	5856.977	3370.776	2265.698	1209.839	6666.907	1523.475	9047.598
102	9570.841	3420.98	1003.12	2370.393	1889.632	2958.961	5989.94	5748.337	3356.609	2349.597	1186.961	6729.18	1517.591	8981.664
103	9495.532	3298.288	1015.76	2349.017	1980.668	2929.759	5853.345	5753.274	3362.649	2406.765	1166.528	6732.535	1505.831	8935.754
104	9355.82	3181.343	1018.048	2304.233	2041.282	2873.407	5643.377	5712.487	3314.098	2451.787	1175.318	6862.647	1508.065	8788.099
105	9173.636	3074.271	1016.341	2312.19	2090.665	2875.605	5460.738	5730.94	3355.655	2425.656	1210.89	6910.057	1496.192	8769.215
106	9027.772	2957.711	1030.043	2316.997	2118.957	2894.421	5355.562	5642.405	3404.771	2394.807	1296.005	6924.982	1551.276	8864.043
107	8934.385	2880.807	1046.588	2395.522	2136.198	2913.695	5219.994	5612.065	3391.598	2364.404	1365.393	6925.326	1573.424	8973.697
108	8789.617	2777.46	1053.089	2465.073	2072.874	2870.105	5036.515	5526.63	3385.357	2296.929	1457.921	6911.731	1624.678	9050.928
109	8664.177	2696.5	1060.229	2530.426	2071.07	2819.241	4872.137	5455.837	3336.664	2245.893	1493.128	6913.899	1667.117	9141.448
110	8598.524	2625.606	1082.537	2597.045	2027.146	2733.41	4726.889	5392.554	3280.57	2232.482	1535.527	6737.825	1720.192	9259.64
111	8477.011	2556.514	1110.237	2665.894	2007.936	2661.772	4594.213	5267.532	3231.675	2278.244	1562.01	6780.24	1739.85	9258.683
112	8360.702	2451.252	1144.283	2684.041	1981.67	2612.741	4486.476	5149.588	3235.693	2375.566	1525.439	6774.833	1749.198	9221.371
113	8228.814	2385.354	1181.621	2717.25	2010.946	2536.405	4348.467	5158.466	3200.631	2466.508	1500.388	6644.583	1748.726	9191.981
114	8096.749	2334.139	1199.551	2696.059	2050.285	2441.438	4212.943	5063.069	3134.569	2564.805	1451.305	6618.74	1719.892	9077.428
115	7923.474	2264.756	1210.499	2676.817	2077.647	2350.859	4091.704	4957.205	3084.839	2631.671	1412.771	6554.78	1687.754	8919.452
116	7759.894	2183.57	1216.042	2589.759	2160.025	2313.961	3939.949	4960.574	3060.294	2685.86	1375.285	6594.386	1661.371	8754.183
117	7575.724	2096.091	1212.44	2572.628	2234.719	2264.736	3789.503	4880.211	2968.592	2741.75	1363.83	6609.002	1668.602	8649.09
118	7373.073	2030.985	1218.703	2568.729	2280.23	2232.899	3661.26	4804.754	2946.827	2720.594	1398.746	6653.88	1677.063	8525.336
119	7147.204	1984.75	1222.238	2568.732	2334.286	2187.769	3543.216	4711.903	2953.357	2649.237	1435.281	6688.006	1688.026	8422.158
120	6938.984	1932.246	1222.433	2590.658	2378.665	2112.893	3421.365	4597.655	2924.275	2570.378	1506.893	6633.198	1727.931	8382.602
121	6747.29	1880.744	1197.874	2576.043	2390.013	2004.436	3262.336	4490.388	2858.47	2508.526	1594.136	6565.845	1733.096	8345.303
122	6555.921	1832.028	1199.213	2575.469	2379.68	1962.875	3172.66	4415.884	2786.697	2479.189	1670.241	6586.036	1745.037	8326.865
123	6408.647	1799.443	1213.784	2602.892	2356.415	1910.444	3089.137	4274.294	2742.399	2455.316	1750.27	6588.404	1765.758	8387.228
124	6206.29	1754.46	1230.272	2644.63	2319.312	1872.692	2988.164	4222.391	2674.804	2488.503	1772.845	6572.114	1819.951	8348.369
125	6057.954	1729.2	1245.568	2631.931	2300.767	1837.481	2913.454	4134.037	2655.77	2571.835	1796.118	6507.633	1847.742	8364.361
126	5935.569	1683.853	1253.667	2622.256	2271.255	1783.405	2846.002	4049.85	2605.445	2685.383	1769.86	6511.763	1833.688	8312.467
127	5794.005	1656.88	1285.045	2634.734	2311.552	1747.84	2739.079	3936.336	2539.27	2759.431	1720.028	6355.176	1865.672	8174.071
128	5626.301	1654.439	1296.462	2564.404	2316.702	1714.068	2664.994	3888.051	2482.792	2808.271	1689.03	6346.073	1843.71	8097.575
129	5502.409	1617.44	1293.242	2564.411	2315.421	1680.564	2568.68	3792.941	2442.698	2870.731	1641.991	6266.855	1856.556	7981.781
130	5371.616	1619.296	1297.209	2552.74	2354.37	1679.331	2519.864	3750.193	2478.024	2913.958	1609.316	6184.7	1847.581	7957.103
131	5258.012	1596.601	1288.809	2563.149	2397.651	1658.973	2457.704	3691.587	2445.431	2868.432	1591.763	6166.257	1856.997	7902.88
132	5234.976	1586.837	1279.431	2554.222	2431.591	1633.355	2366.255	3631.259	2410.654	2832.889	1622.274	6097.753	1852.923	7804.156