TIME	20180324_W03	20180329_W04	20180402_W04	20180403_W02	20180413_W03	20180413_W04
0	24893.57	4578.651	8543.076	9547.597	6341.361	4032.77
1	25222.082	4495.793	8372.878	9253.464	5923.134	3970.896
2	24130.533	4406.585	8163.008	9148.428	5483.687	3892.877
3	23448.949	4351.887	8369.36	8894.61	5332.029	3720.745
4	22126.834	4281	8301.312	8805.8	5092.823	3646.898
5	20992.789	4330.524	8185.738	8655.956	5045.896	3659.627
6	19913.307	4576.423	8518.705	8589.313	5119.703	3902.329
7	18874.279	4643.661	8655.401	8450.56	5197.458	4014.592
8	18529.594	4770.831	8854.282	8574.133	5140.882	4232.007
9	18146.902	4832.758	8833.558	8572.868	5201.22	4459.02
10	18401.219	5000.414	8831.937	8909.47	5329.387	5183.958
11	18664.648	5251.181	8910.602	9490.783	5346.351	5499.305
12	18510.064	5454.005	8542.782	9783.574	5404.299	5725.518
13	18747.537	5621.487	8472.191	10216.772	5490.059	6203.931
14	18114.688	5826.617	8491.245	10589.455	5371.064	6573.032
15	17672.855	6156.497	8206.827	10852.425	5626.366	6830.247
16	17138.258	6330.43	8519.339	11010.215	5588.874	7238.458
17	16444.16	6378.75	8719.538	10910.907	5877.808	7587.798
18	15976.824	6582.365	9187.578	10681.01	6141.652	8302.347
19	15056.686	6746.563	9384.409	10691.77	6515.434	9239.226
20	14716.43	6835.642	9806.615	10466.474	6572.17	9599.766
21	14063.679	6737.014	9533.653	10258.197	6908.786	10448.487
22	13727.395	6638.324	9512.113	9866.314	7263.761	10884.074
23	13771.242	6457.006	9570.42	9773.31	7344.501	11738.837
24	13572.464	6124.454	9132.581	9757.837	7438.229	11924.108
25	13888.729	6123.236	9387.989	10008.579	7219.761	11989.563
26	13884.967	6161.495	9040.863	10666.339	7156.906	12295.293
27	14155.17	6066.553	9362.037	11175.83	7066.068	12414.323
28	14018.375	6188.125	9425.148	11473.093	7158.992	11952.609
29	13513.901	6391.746	9672.263	11841.385	7248.737	11575.526
30	13089.367	6686.824	10614.657	11577.258	7543.197	11644.307
31	12465.342	7039.392	10492.582	11302.173	8043.421	11354.485
32	12121.962	7513.469	10852.288	11208.948	8398.066	11681.561
33	11948.911	7236.021	11135.279	11048.609	9197.863	12113.679
34	11813.314	6957.736	10870.601	10581.564	9071.093	12489.093
35	12002.95	6908.854	11109.905	10437.581	9276.841	12657.92
36	12326.128	6618.896	10799.15	10696.28	9130.351	13207.888
37	13142.378	6779.725	10334.908	11110.846	8742.073	13209.081
38	13807.914	6586.365	10195.765	12049.946	8710.307	13430.715
39	14156.937	6381.267	9806.826	13040.09	8508.67	13235.079
40	14477.778	6231.227	10589.811	13827.45	8414.253	12925.79
41	14106.931	6149.271	10685.004	14743.963	8340.767	12595.677
42	13643.256	6321.25	11791.13	14874.651	8475.817	12472.506
43	12727.692	6693.765	11843.864	14715.256	8781.979	12352.427
44	12125.815	6883.337	12282.661	14680.936	9075.736	12178.53
45	11805.383	7236.531	12341.865	14349.795	9096.252	12415.358
46	11455.188	7763.117	11897.74	13822.481	9096.693	12714.603
47	11395.557	8441.699	11979.552	13271.128	9539.991	13090.994
48	11789.678	8411.198	11164.016	12664.221	9353.141	13713.016
49	12550.892	8643.937	10891.608	12238.856	9622.688	13907.64
50	13472.958	8725.874	10312.486	12438.631	9402.419	13597.464
51	14070.165	9097.519	10237.994	13187.204	9406.185	13621.67
52	14222.576	8804.795	10686.117	13927.919	9129.786	13271.076
53	14137.258	8306.798	10682.795	14276.975	9183.168	13020.924
54	13775.193	8262.98	11330.414	15083.007	9176.284	12589.55
55	13213.313	7919.324	12228.067	15378.789	9175.886	12383.971
56	12657.714	8229.036	12421.605	15986.318	9320.938	12056.525
57	12064.961	8509.24	12855.659	15658.846	9789.333	11694.98
58	11523.903	9045.121	12583.248	15233.351	9768.795	11938.154
59	11396.175	8994.709	11761.559	14816.283	10199.647	12051.682
60	11040.918	9166.235	11690.154	14437.041	10481.651	12342.169
61	11547.466	8877.123	10725.767	13807.599	10633.239	12527.475
62	11969.8	9115.355	10171.656	12813.846	10576.246	12711.987
63	12986.916	8704.214	9621.124	12463.877	10253.988	12826.873
64	13076.235	8674.642	9739.627	12817.1	10083.148	12662.497
65	12909.069	8600.824	10261.356	13401.911	9698.814	12731.53
66	12753.708	8657.443	10326.705	14215.201	9331.713	12409.163
67	12167.257	8101.239	10871.216	14827.701	9124.06	12009.043
68	11829.42	7463.63	10901.868	15036.006	9147.938	11593.606
69	11311.563	6898.761	10811.282	14836.284	9168.724	11397.118
70	10873.962	6559.781	10623.72	14328.528	9535.218	11333.344
71	10490.846	6693.637	10188.839	13957.448	9581.937	11163.851
72	10205.225	6529.843	10116.007	12991.057	9890.762	11061.832
73	10654.262	6918.155	9382.286	12346.899	10117.651	11359.419
74	11026.872	6909.558	8999.978	11489.275	10284.54	11404.834
75	11732.484	7012.14	8629.853	11009.91	10288.771	11707.559
76	11822.047	6960.129	8635.193	10754.509	10215.914	12077.001
77	11924.374	6772.687	9097.579	10758.765	9848.475	12182.657
78	11715.243	6600.187	9294.823	11304.468	9480.098	12247.479
79	11223.819	6473.583	10014.115	11818.722	9315.421	12184.798
80	10564.204	6085.746	10210.035	12764.175	8956.959	11932.016
81	10156.701	6125.525	10503.488	13594.759	8751.242	11664.194
82	9686.68	6038.682	10244.894	14146.091	8722.688	11275.397
83	9637.498	5977.449	10045.025	14245.703	8650.358	10990.791
84	9767.961	5782.423	9908.2	14080.956	9138.67	11051.548
85	10095.35	5849.992	9261.27	13270.043	9134.98	11160.411
86	10528.239	5916.07	9218.038	13085.873	9385.345	10824.427
87	11263.323	6122.831	8405.403	12358.007	9468.088	10981.653
88	11264.733	6514.138	8422.305	11527.954	9650.147	11130.028
89	11573.456	6400.805	8398.996	11045.585	9457.996	11257.968
90	11364.472	6449.419	8639.298	10532.297	9302.314	11116.433
91	10746.023	6534.824	9171.092	10709.404	9108.665	11080.744
92	10275.025	6663.876	9432.826	11304.27	8658.055	11089.987
93	9524.465	6784.237	9561.331	12326.679	8435.433	10988.076
94	9093.16	6668.005	9557.059	13111.692	8182.117	10968.233
95	8750.857	6652.618	9375.199	13804.906	7880.771	10751.459
96	8596.899	6695.95	9208.317	14482.57	7651.666	10649.59
97	8934.369	6861.437	8795.683	14567.634	7932.11	10138.684
98	9238.002	6627.335	8306.812	14289.476	7959.279	10140.949
99	9825.47	6632.933	8145.267	14120.74	8317.903	9946.299
100	10197.079	6756.025	7720.651	13475.154	8344.567	10106.248
101	9909.954	7007.986	7511.52	12770.895	8600.354	9800.719
102	9959.776	7045.038	7336.465	12032.589	8631.637	9923.753
103	9578.396	7240.758	7862.226	11385.09	8692.599	9976.64
104	9084.746	7212.83	8255.047	10868.202	8316.186	10011.926
105	8470.839	7552.986	8335.074	11129.633	8293.054	9950.38
106	7980.372	7591.164	8391.009	11588.699	7973.323	9886.407
107	7755.94	7891.884	8410.88	12250.345	7782.915	9904.413
108	7715.833	7598.05	8327.57	12920.126	7456.066	9909.029
109	8124.294	7402.822	8138.223	13357.002	7282.515	9724.135
110	8704.097	7394.236	7625.913	13773.034	7088.168	9678.398
111	9605.808	7222.211	7456.391	14043.779	6962.015	9513.285
112	10387.702	6811.985	7050.18	13838.479	7001.722	9290.442
113	10400.752	7021.693	6841.459	13581.812	7099.99	9098.041
114	10611.61	6837.824	6555.929	12924.742	7181.218	9031.737
115	10140.829	6980.03	6501.961	12410.638	7148.472	8946.605
116	9848.401	7076.603	6471.39	11753.91	7258.655	9016.366
117	9521.44	7318.163	6509.906	11183.796	7327.916	8935.374
118	9017.764	7560.479	6796.67	10628.378	7360.01	8945.825
119	8746.028	7845.128	6756.353	10528.271	7212.932	8697.076
120	8402.739	8035.651	6984.054	10880.088	7124.94	8520.735
121	8568.104	8249.816	6945.798	11073.358	7012.334	8306.471
122	8984.368	8202.122	6814.777	11540.936	6947.625	8113.463
123	9818.297	8305.383	6545.476	12033.501	6708.411	7918.346
124	10700.734	8145.919	6612.508	12449.436	6643.602	7772.723
125	11660.739	7817.56	6528.598	12454.052	6612.482	7542.14
126	12075.185	7481.029	6345.001	12295.646	6696.748	7377.203
127	12439.674	7332.538	6398.481	12221.341	6568.906	7273.293
128	12382.353	7302.589	6228.324	12140.891	6792.65	7147.085
129	11811.965	7152.413	6412.267	11567.6	6948.754	6985.769