TIME	20170626_W01	20170626_W02	20170626_W03	20170626_W04	20170626_W05	20170630_W03	20170630_W04	20170630_W05	20170630_W06
0	1309.764	1161.633	1280.409	1082.595	1128.37	1364.259	1152.745	1502.879	1788.27
1	1338.058	1171.693	1302.058	1091.596	1128.988	1372.686	1157.099	1541.693	1892.911
2	1349.461	1177.867	1318.766	1094.03	1129.813	1396.466	1174.869	1580.688	1989.392
3	1370.466	1186.739	1352.765	1098.595	1131.153	1405.978	1182.545	1587.804	2047.499
4	1381.497	1207.19	1393.912	1098.843	1130.41	1434.57	1195.705	1585.252	2085.195
5	1405.745	1215.033	1438.785	1104.103	1134.16	1481.183	1213.979	1584.697	2125.122
6	1436.115	1221.852	1476.364	1101.28	1138.781	1544.412	1256.734	1601.326	2157.885
7	1483.714	1227.742	1514.819	1103.14	1141.779	1616.591	1310.709	1617.328	2193.657
8	1541.746	1223.646	1553.742	1108.217	1157.869	1677.406	1350.93	1627.883	2189.508
9	1624.448	1238.617	1596.36	1111.861	1186.682	1738.292	1399.074	1655.705	2166.433
10	1715.024	1241.159	1622.931	1116.448	1212.301	1768.245	1432.581	1698.79	2162.423
11	1816.214	1252.707	1637.436	1125.453	1237.686	1807.392	1458.681	1778.247	2165.329
12	1896.509	1256.299	1636.217	1132.388	1259.037	1823.611	1509.608	1817.851	2184.962
13	1956.174	1267.493	1645.07	1158.529	1292.891	1812.155	1513.945	1859.823	2200.771
14	1992.56	1269.798	1661.109	1182.154	1315.677	1802.412	1501.232	1904.208	2239.647
15	2023.365	1277.337	1670.54	1201.851	1324.822	1800.044	1520.443	1939.767	2303.564
16	2023.864	1290.502	1704.927	1234.701	1339.292	1814.628	1522.871	1984.453	2395.638
17	2028.465	1303.78	1745.062	1265.37	1341.14	1848.865	1533.144	2016.673	2490.386
18	2024.234	1310.693	1811.785	1290.681	1347.432	1907.36	1549.875	2039.095	2569.834
19	2007.976	1307.57	1889.449	1301.857	1339.751	1975.031	1571.015	2064.671	2611.827
20	2004.77	1297.605	1952.576	1315.249	1337.634	2081.486	1605.633	2075.192	2633.854
21	2027.01	1303.418	2009.552	1319.486	1339.276	2218.009	1664.399	2095.453	2622.516
22	2076.53	1293.44	2049.577	1323.006	1353.783	2352.391	1736.612	2107.095	2595.79
23	2154.421	1292.011	2076.21	1330.547	1371.995	2490.417	1812.499	2135.315	2580.213
24	2255.385	1294.083	2077.026	1338.232	1407.264	2618.817	1900.055	2195.524	2573.394
25	2362.427	1299.973	2080.422	1347.656	1451.627	2698.24	1977.15	2284.972	2576.396
26	2448.779	1304.115	2054.022	1351.135	1495.512	2784.105	2038.821	2368.256	2620.457
27	2519.348	1321.771	2031.493	1364.917	1537.986	2806.806	2072.724	2462.791	2668.915
28	2554.847	1328.256	2017.142	1391.793	1568.865	2825.507	2097.928	2549.036	2797.617
29	2559.58	1341.897	2008.667	1424.619	1595.57	2836.203	2102.835	2632.327	2921.292
30	2554.207	1354.507	2014.156	1467.417	1598.679	2819.516	2103.423	2675.865	3058.362
31	2517.05	1355.518	2041.872	1504.307	1622.927	2853.779	2105.579	2724.384	3181.084
32	2477.602	1365.649	2091.443	1545.935	1614.986	2909.909	2094.428	2729.322	3251.594
33	2438.851	1375.312	2160.573	1578.993	1610.616	2990.954	2106.54	2722.38	3353.166
34	2404.539	1369.906	2239.7	1594.747	1600.903	3142.662	2133.76	2701.268	3350.096
35	2400.027	1377.821	2346.024	1612.24	1604.322	3318.404	2192.084	2703.889	3431.112
36	2423.391	1381.318	2421.461	1609.219	1606.345	3497.25	2270.146	2677.555	3368.302
37	2472.637	1389.808	2497.902	1607.472	1638.613	3649.472	2379.706	2703.93	3349.896
38	2566.495	1402.484	2563.446	1610.384	1669.255	3784.639	2489.665	2753.125	3342.517
39	2673.125	1411.087	2564.919	1586.775	1733.378	3805.347	2577.165	2797.585	3317.124
40	2785.409	1416.811	2582.141	1579.105	1787.021	3795.369	2649.756	2889.522	3321.818
41	2906.293	1434.301	2579.335	1589.344	1853.892	3727.127	2717.876	2990.627	3367.799
42	3010.191	1444.398	2577.033	1600.541	1912.557	3667.208	2757.948	3067.291	3385.96
43	3099.242	1447.776	2552.114	1632.91	1945.179	3560.462	2753.804	3100.125	3507.655
44	3121.701	1440.586	2527.969	1665.128	1957.653	3493.481	2746.64	3155.566	3570.615
45	3126.847	1428.745	2530.268	1705.375	1975.874	3431.893	2724.209	3159.128	3631.293
46	3091.911	1424.598	2532.286	1742.064	1942.07	3424.373	2717.028	3148.789	3685.34
47	3055.135	1420.591	2564.413	1780.855	1938.584	3494.342	2709.561	3124.013	3797.112
48	3006.532	1420.937	2652.522	1808.475	1913.366	3625.874	2724.989	3115.039	3815.381
49	2979.493	1412.985	2751.159	1826.823	1875.974	3842.149	2758.624	3089.745	3849.683
50	2967.355	1426.861	2893.555	1828.928	1860.62	4040.284	2852.17	3083.185	3866.902
51	2987.907	1438.982	3039.042	1823.922	1874.002	4258.543	2977.534	3097.138	3906.112
52	3053.658	1468.573	3171.66	1807.088	1884.398	4366.908	3108.246	3143.485	3882.107
53	3133.94	1475.219	3247.119	1784.668	1915.461	4446.105	3229.763	3209.842	3937.093
54	3234.358	1504.932	3325.565	1767.679	1974.329	4430.106	3353.042	3288.665	3925.191
55	3332.349	1524.721	3341.58	1752.038	2011.37	4371.834	3442	3354.096	3972.288
56	3402.544	1530.318	3346.102	1725.179	2060.99	4272.89	3509.908	3408.794	3943.824
57	3458.094	1534.307	3305.217	1729.775	2097.68	4153.64	3536.167	3438.916	3911.476
58	3494.497	1528.063	3237.265	1732.787	2115.073	4056.554	3536.659	3446.986	3908.354
59	3472.419	1514.678	3181.147	1736.365	2141.432	3944.825	3501.272	3432.384	3923.074
60	3426.575	1516.454	3135.292	1753.991	2145.58	3883.372	3478.443	3422.885	3944.318
61	3385.278	1507.392	3111.649	1767.624	2144.759	3932.06	3447.302	3407.111	3963.501
62	3358.749	1496.573	3115.524	1787.523	2114.436	4041.313	3419.482	3407.483	4033.98
63	3315.952	1504.152	3173.271	1807.399	2114.426	4228.342	3434.247	3401.147	4082.884
64	3297.491	1536.131	3262.145	1817.519	2120.36	4465.642	3488.842	3430.83	4173.704
65	3293.158	1570.994	3350.818	1831.853	2131.178	4715.959	3543.75	3436.191	4219.341
66	3309.884	1611.201	3428.212	1836.033	2149.073	4902.948	3618.913	3464.327	4227.881
67	3358.228	1653.75	3503.529	1819.54	2179.497	5078.857	3709.909	3504.082	4251.927
68	3403.399	1681.696	3566.748	1815.799	2210.322	5185.428	3811.122	3537.677	4295.958
69	3438.423	1719.996	3578.022	1805.637	2245.443	5210.127	3901.957	3543.074	4235.624
70	3427.75	1724.305	3568.506	1781.955	2264.808	5143.287	3979.853	3546.374	4212.438
71	3434.342	1735.065	3533.788	1770.024	2280.159	5051.721	4044.79	3540.494	4120.112
72	3385.668	1725.281	3482.088	1763.668	2304.478	4931.772	4084.408	3529.164	4039.32
73	3326.336	1708.796	3404.421	1754.447	2320.842	4827.33	4136.51	3495.235	3958.917
74	3289.625	1710.868	3352.641	1745.682	2343.083	4784.64	4174.914	3498.587	3889.997
75	3226.465	1699.161	3305.808	1750.865	2346.462	4799.648	4202.875	3486.644	3857.631
76	3165.546	1719.818	3294.158	1758.863	2373.121	4886.056	4233.794	3492.517	3808.878
77	3127.747	1754.878	3289.396	1787.795	2405.562	5009.875	4271.227	3513.253	3820.446
78	3089.588	1790.009	3294.033	1806.509	2408.454	5202.87	4335.516	3575.834	3833.999
79	3057.744	1834.733	3305.365	1834.524	2440.006	5410.579	4398.211	3571.021	3837.935
80	3080.76	1890.188	3316.216	1846.34	2458.468	5638.892	4495.845	3596.41	3855.31
81	3043.243	1924.385	3292.282	1869.977	2464.163	5831.665	4580.449	3611.208	3845.368
82	3031.642	1959.007	3254.006	1891.358	2482.535	5923.34	4680.287	3566.928	3806.878
83	3027.907	1980.051	3231.089	1892.627	2483.031	5976.557	4734.957	3511.686	3733.398
84	2979.275	1964.423	3168.804	1888.312	2482.088	5972.118	4798.345	3456.314	3657.176
85	2930.699	1966.52	3119.408	1887.912	2478.114	5929.89	4834.672	3405.121	3591.232
86	2890.984	1953.076	3071.638	1884.462	2458.864	5846.345	4918.708	3351.729	3522.476
87	2833.445	1922.76	2987.474	1877.758	2450.844	5793.857	4946.365	3309.411	3425.587
88	2784.474	1921.079	2945.494	1876.448	2426.911	5714.216	4992.317	3273.879	3360.398
89	2736.99	1929.889	2908.377	1879.843	2405.121	5714.49	5028.297	3264.85	3307.224
90	2695.351	1920.139	2877.534	1877.776	2394.061	5739.363	5058.817	3262.377	3239.918
91	2645.135	1932.23	2840.88	1877.754	2382.694	5777.76	5087.955	3275.742	3197.248
92	2603.898	1952.752	2809.234	1867.13	2370.656	5908.64	5131.702	3288.102	3155.549
93	2578.511	1984.004	2788.185	1895.27	2359.773	5995.112	5196.46	3298.801	3121.149
94	2543.942	1998.478	2772.032	1897.403	2346.911	6113.562	5229.944	3271.921	3088.504
95	2511.264	2029.967	2736.922	1900.501	2350.682	6185.416	5303.256	3259.01	3055.973
96	2476.967	2022.478	2694.819	1877.536	2316.607	6194.818	5355.038	3207.137	3009.09
97	2418.866	2019.615	2657.162	1886.17	2286.146	6183.214	5388.259	3146.728	2951.728
98	2392.615	2023.125	2652.016	1911.115	2314.526	6147.664	5419.025	3070.818	2883.156
99	2335.344	2005.503	2618.897	1895.438	2278.172	6088.657	5467.756	2997.609	2821.098
100	2273.841	1988.949	2584.547	1875.29	2263.918	6053.971	5508.449	2930.458	2769.937
101	2213.913	1963.097	2549.121	1865.283	2246.674	6013.311	5548.115	2852.01	2698.191
102	2176.54	1959.339	2514.797	1864.682	2215.132	5998.724	5598.403	2826.38	2656.391
103	2111.721	1946.236	2488.557	1844.502	2188.725	5951.616	5606.875	2800.198	2608.451
104	2065.554	1950.194	2456.845	1829.825	2161.92	5964.174	5643.179	2772.899	2569.665
105	2017.022	1961.079	2436.908	1821.989	2159.968	5980.339	5639.018	2769.847	2532.524
106	1972.456	1963.397	2406.322	1811.619	2146.34	5995.674	5645.348	2766.535	2504.132
107	1946.463	1985.213	2394.334	1820.677	2135.146	6015.682	5637.39	2749.673	2480.458
108	1915.98	1994.137	2367.949	1810.917	2109.638	6007.955	5644.429	2746.61	2463.9
109	1874.743	1967.083	2345.216	1810.736	2094.85	5976.272	5608.665	2701.473	2432.802
110	1841.466	1968.79	2318.55	1799.888	2074.865	5916.833	5623.748	2649.234	2391.822
111	1804.753	1956.607	2300.121	1784.067	2036.135	5860.183	5643.11	2594.481	2355.572
112	1770.575	1937.819	2283.273	1757.283	2006.976	5807.443	5672.948	2548.714	2319.212
113	1732.205	1914.55	2265.83	1749.21	1980.152	5742.195	5702.761	2481.627	2279.814
114	1698.746	1887.007	2271.823	1742.628	1960.844	5729.084	5754.863	2436.252	2240.409
115	1658.254	1875.821	2278.126	1730.695	1955.618	5708.371	5788.538	2405.923	2212.697
116	1628.356	1869.189	2296.322	1717.333	1949.69	5697.382	5801.635	2371.328	2185.855
117	1597.474	1872.008	2323.612	1724.238	1957.406	5703.671	5800.673	2356.714	2169.239
118	1579.414	1893.621	2337.771	1713.065	1949.117	5748.267	5771.498	2334.834	2141.394
119	1548.958	1910.29	2336.142	1716.83	1954.576	5774.57	5741.497	2335.515	2135.51
120	1529.605	1924.01	2333.949	1713.807	1954.548	5798.809	5692.133	2332.184	2117.337
121	1508.833	1923.814	2306.979	1699.389	1945.53	5786.342	5619.519	2311.689	2105.088
122	1493.18	1923.212	2305.449	1700.381	1923.692	5741.038	5532.661	2285.856	2092.097
123	1469.676	1905.768	2276.132	1684.944	1915.343	5666.314	5457.907	2255.219	2072.859
124	1457.539	1890.265	2248.416	1673.154	1883.257	5596.163	5398.454	2232.771	2057.433
125	1440.892	1880.422	2224.912	1657.024	1872.508	5570.436	5374.438	2206.948	2035.984
126	1424.639	1866.422	2211.168	1646.041	1843.135	5499.716	5376.64	2170.145	2009.258
127	1412.186	1846.198	2210.437	1644.789	1821.613	5500.57	5412.979	2141.695	1985.049
128	1387.012	1838.505	2218.649	1626.924	1811.123	5528.313	5493.372	2124.781	1977.652
129	1378.677	1836.623	2243.066	1619.505	1806.423	5570.821	5511.399	2117.125	1960.705
130	1377.25	1851.899	2287.978	1630.305	1810.88	5599.607	5520.231	2093.704	1936.408
131	1364.827	1865.516	2302.557	1619.982	1817.444	5605.101	5525.798	2084.041	1914.684
132	1358.51	1888.013	2315.337	1626.246	1827.469	5602.698	5487.254	2081.813	1907.521
133	1348.611	1903.372	2319.633	1620.333	1823.979	5586.107	5430.79	2082.236	1900.045
134	1338.99	1920.457	2316.967	1602.335	1832.089	5550.553	5360.292	2084.796	1907.083
135	1332.77	1919.384	2293.306	1604.673	1831.427	5493.679	5264.077	2080.207	1890.357
136	1328.474	1910.99	2270.448	1596.572	1814.545	5425.007	5173.729	2068.683	1888.179
137	1327.144	1900.44	2227.898	1589.174	1802.138	5345.401	5111.911	2044.922	1876.515
138	1324.119	1883.773	2196.408	1582.857	1776.746	5283.129	5080.62	2021.589	1860.05
139	1313.445	1873.809	2170.984	1583.741	1761.732	5224.703	5061.087	2015.505	1843.699