TIME	20180808_W09	20180808_W10	20180808_W11	20180808_W12	20180808_W13	20180809_W08	20180809_W09	20180809_W10	20180809_W11	20180809_W12
0	714.914	755.211	710.492	484.801	780.205	844.798	878.317	812.345	998.157	808.333
1	736.638	741.657	703.096	485.447	766.584	847.319	927.694	822.735	1010.189	822.982
2	757.256	737.264	704.056	495.501	764.786	852.224	993.025	823.952	1031.465	841.55
3	791.003	722.823	714.034	500.425	771.263	860.966	1059.996	835.88	1036.741	859.133
4	813.203	728.479	716.882	510.253	787.669	858.676	1117.807	857.085	1050.274	867.905
5	818.417	734.036	726.594	509.739	806.66	855.517	1150.371	877.784	1054.218	883.214
6	819.279	770.462	758.284	523.69	855.99	902.44	1211.79	952.778	1095.034	915.439
7	828.717	797.715	788.346	525.2	901.959	969.267	1231.125	1033.998	1138.965	935.623
8	850.371	857.732	820.416	532.491	953.396	1034.057	1240.969	1131.562	1219.098	971.5
9	878.15	923.703	863.401	542.528	1009.831	1129.39	1247.737	1261.33	1337.549	1033.771
10	942.187	996.746	890.195	543.168	1079.828	1203.893	1242.306	1374.633	1454.232	1112.469
11	1023.848	1053.992	928.56	548.565	1127.703	1299.305	1254.033	1483.249	1579.018	1189.713
12	1100.141	1085.895	945.964	544.214	1159.163	1351.078	1298.868	1559.5	1685.297	1267.245
13	1161.626	1099.752	957.921	539.151	1168.134	1410.07	1366.614	1637.771	1773.297	1338.333
14	1249.163	1105.765	978.931	546.602	1183.788	1417.574	1444.628	1655.117	1800.19	1400.521
15	1328.728	1111.259	992.019	566.673	1181.217	1426.507	1546.557	1659.759	1791.277	1432.247
16	1389.607	1094.635	984.663	580.238	1163.861	1386.774	1638.956	1654.925	1783.741	1462.918
17	1418.94	1091.589	1003.235	595.587	1141	1364.524	1721.497	1618.418	1750.473	1452.705
18	1455.087	1088.811	1032.132	623.353	1133.056	1332.339	1772.024	1596.625	1718.666	1450.702
19	1473.252	1095.067	1058.317	620.463	1113.524	1299.834	1774.745	1564.068	1674.019	1427.48
20	1450.594	1085.547	1072.94	611.499	1117.881	1274.879	1763.798	1530.61	1625.758	1391.8
21	1417.493	1068.067	1086.71	601.87	1119.992	1263.687	1730.472	1531.257	1591.745	1354.063
22	1403.733	1057.349	1097.692	589.639	1140.323	1264.171	1701.234	1526.358	1578.621	1313.034
23	1370.593	1039.922	1103.787	570.631	1165.34	1283.446	1637.443	1528.213	1581.454	1294.694
24	1333.046	1031.342	1110.719	547.145	1205.351	1306.036	1581.786	1559.312	1609.981	1279.884
25	1326.442	1030.37	1113.874	531.343	1269.007	1334.666	1540.231	1616.87	1686.926	1317.117
26	1340.331	1047.096	1116.715	517.81	1321.322	1367.005	1506.703	1692.823	1773.536	1369.319
27	1374.548	1060.385	1126.28	512.418	1368.491	1390.283	1491.434	1741.834	1859.541	1443.316
28	1423.418	1080.624	1118.742	513.31	1407.87	1405.713	1504.591	1783.267	1943.737	1520.837
29	1476.848	1070.643	1112.378	511.577	1411.273	1408.716	1524.012	1810.947	1971.942	1590.162
30	1529.953	1074.261	1107.724	520.228	1411.661	1403.434	1566.261	1803.313	1961.699	1631.041
31	1570.768	1068.937	1104.967	532.777	1417.246	1377.875	1600.93	1766.555	1918.097	1640.289
32	1578.717	1053.759	1082.705	538.45	1391.922	1345.535	1605.944	1718.312	1873.362	1623.367
33	1582.166	1038.378	1064.918	537.768	1379.006	1327.677	1631.605	1671.801	1819.219	1611.704
34	1565.502	1010.21	1046.137	539.038	1384.111	1291.24	1632.548	1628.155	1759.052	1579.866
35	1535.09	989.999	1034.273	537.289	1377.468	1285.676	1620.885	1573.979	1713.799	1548.988
36	1487.223	969.324	1031.832	531.643	1431.722	1285.219	1576.606	1553.706	1667.106	1501.347
37	1431.975	943.747	1022.8	530.97	1490.192	1289.485	1542.764	1535.423	1646.622	1458.701
38	1386.172	916.65	1030.498	524.266	1549.258	1314.533	1505.236	1539.501	1634.76	1423.662
39	1354.552	911.912	1026.682	525.665	1627.173	1333.526	1469.291	1552.609	1642.92	1398.909
40	1320.464	890.046	1021.7	525.771	1683.357	1368.148	1443.039	1558.006	1648.626	1364.247
41	1311.621	871.462	1017.383	525.366	1737.665	1374.074	1417.158	1545.285	1661.305	1344.848
42	1296.818	852.455	1001.259	521.969	1791.226	1371.324	1414.75	1562.571	1682.334	1350.771
43	1308.901	844.135	1002.261	533.977	1836.542	1385.659	1427.957	1553.633	1699.204	1358.889
44	1336.679	824.606	996.43	543.277	1875.128	1375.944	1444.328	1563.28	1711.077	1378.15
45	1358.199	827.057	992.109	557.607	1906.965	1371.277	1488.016	1574.903	1723.279	1429.018
46	1402.308	838.484	996.498	575.896	1930.667	1349.029	1520.381	1574.724	1701.991	1462.577
47	1438.501	852.636	976.923	583.098	1931.679	1339.393	1544.103	1563.686	1688.942	1490.283
48	1456.227	860.541	979.071	597.198	1919.65	1322.045	1568.753	1557.607	1659.156	1506.614
49	1463.561	887.428	973.201	597.236	1898.585	1316.594	1577.361	1539.5	1626.435	1520.966
50	1434.649	899.24	952.096	592.294	1864.231	1302.142	1548.799	1521.84	1590.605	1532.845
51	1427.216	917.393	941.162	583.656	1853.698	1287.925	1538.337	1505.785	1563.235	1523.888
52	1392.316	914.046	933.712	584.974	1850.086	1289.739	1501.688	1491.537	1541.708	1519.302
53	1361.534	909.155	918.012	578.571	1832.518	1297.648	1476.258	1495.316	1543.171	1518.138
54	1332.962	921.379	931.117	572.146	1860.359	1329.603	1453.452	1501.887	1567.182	1516.997
55	1307.43	920.252	935.941	571.106	1879.781	1347.637	1431.059	1511.832	1588.042	1507.649
56	1289.619	914.085	941.456	573.106	1901.642	1349.69	1405.928	1502.922	1610.394	1511.216
57	1287.16	900.662	952.017	580.814	1883.223	1360.536	1392.276	1496.903	1610.679	1512.414
58	1293.628	880.541	963.828	584.652	1891.19	1352.963	1408.587	1492.523	1609.638	1507.265
59	1294.876	878.311	983.459	585.062	1894.506	1358.664	1411.787	1486	1599.173	1510.634
60	1316.572	872.027	995.877	595.599	1904.657	1340.991	1432.997	1483.446	1587.372	1512.645
61	1335.641	865.583	1014.357	601.062	1913.95	1325.577	1445.307	1484.799	1565.956	1542.905
62	1359.504	867.248	1028.965	600.797	1965.418	1319.318	1448.924	1483.215	1544.022	1564.252
63	1379.106	860.446	1053.838	605.826	2011.487	1299.12	1473.561	1493.537	1536.817	1601.974
64	1392.575	871.461	1078.291	600.34	2054.729	1289.424	1479.489	1507.122	1525.765	1662.289
65	1397.77	873.644	1103.167	602.502	2124.797	1282.058	1473.005	1519.193	1506.167	1705.708
66	1400.009	875.435	1116.726	599.756	2164.123	1280.271	1463.484	1527.264	1492.64	1752.158
67	1387.588	884.2	1127.769	596.302	2179.332	1276.321	1451.666	1543.683	1476.052	1786.57
68	1361.804	872.361	1134.056	593.024	2171.647	1269.112	1426.545	1553.123	1462.946	1805.933
69	1333.279	876.152	1131.754	588.424	2162.763	1266.612	1393.669	1567.693	1462.721	1843.216
70	1315.354	868.768	1133.381	588.808	2153.869	1268.114	1369.874	1586.918	1467.819	1838.979
71	1301.781	852.567	1141.388	591.578	2183.498	1275.277	1359.579	1608.383	1472.271	1862.214
72	1286.95	851.074	1158.019	597.311	2205.888	1275.542	1347.311	1614.506	1488.906	1859.443
73	1290.531	842.911	1176.713	609.704	2221.065	1272.573	1339.54	1626.848	1507.005	1858.513
74	1282.15	832.606	1195.485	618.934	2243.778	1269.12	1354.755	1646.794	1516.316	1860.16
75	1282.893	817.54	1223.624	627.675	2272.452	1255.332	1351.128	1655.932	1529.401	1852.399
76	1280.984	801.425	1226.228	624.822	2252.632	1248.941	1357.736	1649.677	1525.781	1815.58
77	1284.059	785.227	1243.9	627.747	2249.035	1237.533	1360.641	1652.361	1516.631	1796.019
78	1282.908	770.192	1257.972	628.195	2227.194	1235.708	1361.003	1668.277	1517.396	1782.124
79	1290.642	754.505	1267.918	629.539	2212.233	1234.665	1369.427	1664.312	1537.401	1749.578
80	1294.804	739.012	1273.763	627.639	2230.155	1242.372	1379.299	1671.564	1562.716	1750.88
81	1313.461	730.555	1282.825	638.647	2255.978	1251.505	1391.72	1675.07	1583.836	1747.518
82	1326.265	721.889	1285.168	644.008	2285.656	1271.244	1389.024	1692.069	1611.343	1747.211
83	1334.72	710.599	1277.025	648.887	2286.617	1281.643	1403.802	1696.314	1646.17	1743.91
84	1338.893	697.563	1264.993	658.422	2307.203	1301.575	1411.314	1691.977	1657.831	1740.747
85	1339.887	682.037	1260.769	662.585	2283.249	1310.16	1425.353	1676.146	1674.595	1731.416
86	1352.415	665.955	1252.35	680.003	2299.856	1315.553	1425.76	1675.468	1695.946	1707.438
87	1351.196	650.596	1233.67	681.854	2283.179	1319.558	1431.187	1655.315	1706.663	1692.199
88	1364.508	635.05	1215.004	691.625	2307.783	1318.517	1427.632	1633.389	1720.85	1654.695
89	1366.1	627.624	1202.798	698.26	2308.139	1318.463	1452.731	1633.764	1735.818	1631.964
90	1382.618	611.074	1177.596	710.876	2359.725	1321.664	1471.218	1620.435	1765.183	1593.366
91	1391.932	606.895	1178.028	732.502	2394.352	1322.176	1494.698	1614.144	1798.25	1583.017
92	1399.998	595.844	1150.204	742.632	2410.214	1331.05	1516.417	1603.339	1840.14	1564.956
93	1411.08	590.309	1140.319	746.972	2441.234	1341.984	1549.705	1610.666	1861.339	1539.378
94	1424.949	583.982	1120.725	748.876	2429.947	1357.179	1569.86	1593.32	1883.709	1528.645
95	1420.816	577.475	1102.601	756.067	2404.942	1340.35	1584.888	1570.425	1879.236	1488.505
96	1433.194	574.415	1081.225	757.261	2401.613	1349.799	1602.807	1560.762	1883.742	1468.4
97	1446.948	562.055	1063.255	767.112	2373.987	1355.197	1615.014	1529.696	1890.365	1448.465
98	1464.29	551.492	1043.977	778.338	2373.251	1346.466	1611.113	1490.427	1889.159	1398.387
99	1473.595	541.51	1022.964	787.318	2353.304	1341.197	1636.428	1474.802	1884.162	1371.267
100	1497.711	530.451	1008.273	795.997	2368.134	1335.666	1635.609	1439.765	1880.203	1334.615
101	1516.633	530.104	998.565	813.287	2324.522	1339.535	1655.734	1412.588	1874.53	1301.992
102	1538.272	526.283	986.951	821.465	2307.934	1333.122	1653.971	1392.837	1871.245	1269.24
103	1556.71	515.718	959.958	825.373	2296.797	1327.608	1667.722	1361.674	1832.24	1228.961
104	1577.326	512.446	951.48	824.287	2256.08	1305.685	1660.313	1327.874	1818.889	1196.808
105	1568.513	502.155	924.253	824.802	2217.852	1280.57	1666.25	1286.552	1789.259	1150.494
106	1572.039	497.646	912.438	834.445	2193.012	1269.768	1667.056	1251.663	1779.147	1123.858
107	1590.615	495.469	898.22	837.207	2176.109	1268.717	1674.698	1239.85	1770.247	1086.29
108	1592.666	496.327	890.114	839.471	2157.779	1238.718	1670.326	1220.063	1752.121	1048.263
109	1593.559	490.568	865.992	840.631	2158.938	1234.666	1683.584	1204.897	1746.632	1031.663
110	1602.258	489.905	863.53	859.792	2159.658	1210.015	1673.675	1180.84	1739.344	998.011
111	1585.831	485.112	851.813	859.548	2133.611	1202.096	1679.01	1170.839	1743.397	984.074
112	1609.394	491.489	843.752	873.953	2122.921	1182.38	1680.693	1142.88	1726.068	953.102
113	1613.352	481.286	828.638	882.756	2100.441	1178.001	1685.896	1134.496	1725.635	939.01
114	1604.631	476.087	810.336	875.785	2071.249	1153.924	1670.41	1104.12	1678.895	896.68
115	1587.007	481.585	800.23	878.214	2042.576	1127.463	1663.154	1069.097	1646.685	874.85
116	1582.094	482.481	797.979	893.219	2028.681	1119.378	1638.43	1054.698	1615.104	843.022
117	1575.591	483.791	784.715	896.16	2036.546	1096.163	1604.975	1023.642	1574.367	822.755
118	1569.931	481.204	771.546	901.945	2009.958	1080.589	1574.35	993.028	1540.334	800.053
119	1552.206	483.043	770.246	909.258	2003.135	1060.893	1552.838	972.134	1523.166	776.06
120	1517.269	480.728	752.243	907.013	1981.585	1053.126	1526.948	953.379	1491.097	755.683
121	1493.069	481.757	747.81	908.331	1985.304	1042.803	1512.868	925.51	1454.36	741.167
122	1464.129	482.265	737.565	907.112	1937.446	1028.99	1492.534	902.797	1430.001	721.757
123	1422.83	483.483	728.548	908.826	1921.281	1015.283	1459.692	885.716	1410.682	701.437
124	1396.769	483.376	724.744	916.788	1891.192	990.912	1432.394	869.776	1382.248	690.975
125	1368.337	478.624	717.396	918.328	1885.069	981.271	1423.522	855.778	1355.016	674.503
126	1341.349	486.206	714.108	932.187	1881.983	963.271	1385.975	833.553	1314.693	660.3
127	1314.069	491.272	713.327	942.311	1882.867	953.564	1370.936	817.267	1285.207	644.142
128	1294.984	492.875	712.302	957.148	1851.114	943.003	1344.083	802.501	1264.509	635.826
129	1265.814	492.662	699.903	950.917	1832.385	937.795	1306.93	784.295	1226.893	624.344
130	1239.649	491.516	698.093	945.488	1795.848	915.142	1298.305	775.971	1200.462	614.275