TIME	20180822_W02	20180822_W03	20180822_W04	20180826_W02	20180826_W03	20180826_W04	20180826_W05
0	890.569	1293.616	999.241	1557.743	731.135	1262.13	996.613
1	908.761	1251.688	971.339	1552.612	717.846	1322.723	955.25
2	916.358	1222.334	942.007	1512.062	704.317	1353.239	913.969
3	851.014	1157.832	596.725	1499.817	696.86	1394.469	916.785
4	1000.841	1276.967	742.713	1484.311	675.649	1406.039	903.114
5	1055.638	1358.198	937.377	1538.502	669.599	1451.009	959.914
6	1096.127	1450.364	1018.945	1624.52	663.433	1446.346	1066.83
7	1136.003	1557.023	1048.876	1749.881	632.244	1432.888	1227.316
8	1167.839	1656.127	1116.657	1929.919	609.914	1452.507	1386.234
9	1202.276	1745.243	1165.863	2148.932	611.301	1547.665	1503.607
10	1226.571	1768.632	1179.941	2355.405	609.217	1658.821	1560.394
11	1264.408	1765.073	1209.519	2424.725	594.145	1821.192	1620.028
12	1317.867	1755.737	1233.87	2464.621	581.249	1967.356	1605.919
13	1374.083	1750.168	1235.63	2500.742	584.082	2125.198	1604.597
14	1446.916	1748.353	1232.05	2462.024	588.373	2258.166	1626.263
15	1528.419	1810.984	1288.824	2370.792	593.128	2291.258	1616.506
16	1582.822	1873.153	1296.391	2302.734	603.602	2255.544	1628.199
17	1620.298	2020.504	1359.231	2308.695	625.78	2214.807	1676.198
18	1669.449	2204.301	1428.494	2353.033	633.66	2178.233	1835.876
19	1667.095	2385.087	1509.215	2490.856	630.323	2138.758	2015.667
20	1663.711	2568.993	1597.919	2715.995	620.526	2047.431	2175.441
21	1674.35	2672.368	1636.277	2949.617	609.55	2065.057	2326.433
22	1653.643	2701.117	1663.659	3252.014	604.564	2148.425	2379.181
23	1628.437	2642.922	1659.512	3418.116	596.763	2366.94	2480.043
24	1607.814	2569.776	1652.597	3510.179	594.71	2588.54	2449.877
25	1653.347	2537.378	1673.394	3439.928	592.453	2860.69	2425.784
26	1715.478	2503.304	1641.047	3412.21	607.691	3043.573	2368.483
27	1784.327	2480.474	1601.426	3258.308	633.328	3164.828	2345.217
28	1812.476	2489.402	1642.473	3149.423	641.555	3162.668	2331.253
29	1913.485	2633.409	1658.561	3035.547	659.062	3130.965	2454.533
30	1978.8	2785.515	1696.099	2976.824	662.972	3048.835	2676.155
31	2030.431	3018.943	1799.524	3086.817	671.539	2927.506	2985.616
32	2072.594	3219.082	1878.185	3300.372	671.347	2809.41	3293.555
33	2132.162	3335.731	1935.209	3546.368	664.55	2757.334	3574.617
34	2107.629	3468.122	1998.476	3918.991	665.456	2810.01	3738.661
35	2114.083	3466.178	1990.503	4249.49	655.812	2899.363	3732.775
36	2094.081	3391.18	2012.241	4473.215	661.356	3151.728	3762.811
37	2121.567	3371.023	1996.538	4665.202	662.835	3421.061	3635.785
38	2136.083	3205.629	1928.471	4664.448	673.493	3742.373	3560.119
39	2151.037	3165.506	1936.832	4620.313	696.421	3980.815	3413.021
40	2191.872	3114.832	1895.448	4443.312	717.393	4200.825	3391.327
41	2257.099	3134.328	1898.254	4352.098	739.105	4348.014	3549.257
42	2379.024	3306.94	1958.871	4225.518	749.99	4271.125	3762.558
43	2456.278	3421.007	1993.594	4163.497	762.982	4222.953	4183.46
44	2569.94	3745.269	2131.546	4171.636	756.075	4009.7	4508.356
45	2688.446	4041.457	2232.441	4350.469	770.223	3889.537	4821.077
46	2762.516	4315.402	2423.568	4530.638	774.106	3820.237	5079.504
47	2882.273	4621.922	2593.579	4774.983	787.947	3728.309	5060.264
48	2883.206	4697.284	2675.401	4973.522	786.596	3785.019	4989.217
49	2957.569	4833.506	2772.711	5165.816	782.783	3824.69	4807.812
50	2954.446	4737.819	2754.167	5363.578	815.805	4073.812	4713.665
51	2981.316	4757.091	2775.766	5454.96	845.242	4298.613	4490.024
52	3042.377	4705.706	2744.749	5334.924	858.097	4512.09	4434.379
53	3000.228	4529.61	2703.365	5228.982	888.301	4731.156	4481.277
54	3077.97	4526.743	2631.788	5185.345	912.274	4918.694	4686.423
55	3100.298	4510.773	2631.573	5078.042	910.13	4861.795	4903.782
56	3189.18	4674.937	2663.097	4982.68	916.698	4766.688	5237.559
57	3297.947	4853.477	2734.541	5029.286	944.008	4699.979	5528.503
58	3262.183	5060.117	2912.297	5154.931	946.07	4481.423	5664.319
59	3356.699	5343.748	3071.559	5312.456	950.53	4427.599	5861.479
60	3328.601	5410.908	3241.265	5459.678	956.941	4365.091	5819.319
61	3329.762	5532.986	3402.023	5733.918	1027.201	4335.085	5598.579
62	3331.635	5578.137	3486.009	5883.249	1101.871	4391.152	5467.886
63	3237.324	5488.605	3544.185	5952.221	1189.298	4573.323	5420.501
64	3250.355	5454.142	3515.633	5850.402	1249.316	4695.187	5310.012
65	3188.061	5370.911	3557.408	5848.303	1293.949	4801.185	5212.508
66	3173.5	5273.823	3502.046	5691.519	1327.008	4970.903	5405.44
67	3121.802	5194.106	3471.077	5672.312	1349.166	4985.277	5529.212
68	3064.483	5192.574	3486.339	5551.328	1368.334	5008.829	5864.175
69	3081.399	5214.972	3441.654	5440.644	1347.957	4825.12	6065.651
70	2992.96	5137.968	3428.491	5473.02	1378.305	4830.346	6484.761
71	2941.263	5132.55	3400.282	5452.381	1374.604	4637.755	6708.185
72	2946.406	5229.156	3404.041	5641.59	1428.043	4608.545	6924.555
73	2828.839	5073.687	3333.908	5665.69	1447.127	4490.439	7028.129
74	2807.244	5095.186	3315.662	5798.226	1512.098	4457.557	6950.271
75	2716.167	4931.727	3249.169	5756.184	1549.159	4394.608	6932.386
76	2656.504	4835.894	3178.983	5746.57	1578.489	4349.758	6822.632
77	2604.23	4745.958	3118.684	5759.899	1630.542	4405.579	6950.673
78	2530.269	4525.271	2979.845	5701.499	1643.883	4299.794	6797.57
79	2473.282	4481.309	2981.59	5536.498	1649.161	4274.453	6996.645
80	2408.666	4355.299	2890.593	5487.334	1638.468	4135.295	6974.287
81	2401.863	4288.444	2837.178	5346.458	1641.501	4070.018	7252.167
82	2319.237	4198.101	2827.926	5322.965	1647.879	3930.968	7417.298
83	2292.876	4137.367	2743.008	5252.112	1646.132	3767.766	7576.497
84	2221.151	4112.695	2736.757	5256.703	1698.221	3681.542	7781.814
85	2159.193	3998.779	2644.129	5290.148	1739.521	3567.047	7885.826
86	2134.714	3913.818	2570.326	5229.487	1795.403	3518.168	8049.046
87	2065.569	3783.047	2528.104	5175.892	1819.948	3387.737	8020.984
88	2013.696	3667.363	2430.487	5002.532	1831.838	3334.326	8048.914
89	1985.692	3615.719	2404.595	4862.32	1849.052	3283.652	8144.689
90	1926.325	3448.053	2319.081	4828.234	1868.899	3196.454	8107.354
91	1905.59	3395.112	2266.596	4676.255	1846.631	3105.63	7940.163
92	1845.247	3282.952	2238.601	4521.455	1834.39	3011.737	7936.43
93	1815.235	3181.388	2137.5	4324.628	1827.487	2931.291	7998.079
94	1804.167	3164.552	2152.467	4279.416	1862.381	2835.237	7841.254
95	1755.071	3077.73	2068.598	4112.554	1890.588	2758.386	7866.101
96	1750.078	3020.727	2052.356	4044.546	1932.95	2662.742	7781.998
97	1730.136	2948.067	1991.198	3880.436	1941.372	2559.221	7606.444
98	1727.686	2945.186	1972.261	3847.286	1985.948	2461.287	7473.403
99	1703.503	2849.588	1925.987	3793.441	2014.305	2437.637	7471.38
100	1702.75	2792.981	1902.36	3652.606	2019.4	2330.543	7346.495
101	1690.293	2746.659	1903.693	3502.858	2007.534	2298.675	7324.007
102	1669.309	2614.475	1825.081	3446.449	2001.297	2214.253	7062.926
103	1671.813	2615.533	1843.511	3336.471	1990.905	2162.086	7063.603
104	1659.921	2538.516	1828.188	3260.584	1976.295	2113.391	6961.449
105	1673.836	2483.816	1808.196	3137.356	1972.021	2080.022	6949.144
106	1672.781	2435.843	1822.731	3069.579	1974.047	1961.789	6675.286
107	1657.612	2361.503	1762.036	2990.757	2036.974	1933.261	6772.753
108	1688.841	2357.012	1771.92	2968.054	2095.109	1885.726	6670.535
109	1673.925	2297.897	1745.842	2856.32	2101.086	1803.055	6519.806
110	1663.171	2246.459	1702.52	2769.022	2094.632	1736.554	6392.764
111	1684.466	2240.99	1723.141	2775.143	2154.675	1703.949	6337.19
112	1641.932	2149.876	1687.356	2715.531	2145.095	1659.542	6366.873
113	1677.323	2136.228	1691.43	2609.133	2090.398	1602.296	6213.16
114	1655.984	2093.423	1716.83	2510.243	2057.427	1566.083	6167.05
115	1646.932	2018.181	1702.931	2475.253	2058.896	1544.513	6153.623
116	1673.601	2001.802	1726.472	2402.319	2033.481	1510.676	6119.513
117	1662.328	1972.114	1752.596	2336.004	2036.969	1484.228	5979.383
118	1669.218	1908.677	1737.974	2274.431	2014.913	1436.762	5866.094
119	1695.359	1915.907	1762.043	2250.915	2056.338	1406.226	5752.125
120	1690.626	1867.123	1766.241	2213.831	2099.899	1402.64	5788.7
121	1692.252	1833.264	1760.932	2153.593	2092.04	1362.867	5591.701
122	1690.995	1811.311	1767.091	2089.33	2090.933	1353.7	5490.517
123	1708.577	1774.835	1737.656	2082.226	2120.838	1362.834	5471.544
124	1706.449	1771.658	1763.79	2027.047	2103.583	1359.223	5368.997
125	1697.692	1743.869	1729.352	1969.3	2063.501	1336.468	5241.285
126	1704.165	1741.439	1724.486	1961.95	2038.327	1315.147	5111.905
127	1674.947	1729.528	1732.224	1937.507	2051.106	1344.462	5191.221
128	1694.256	1714.109	1734.919	1899.271	2004.282	1321.555	5024.488
129	1669.782	1700.798	1749.947	1853.711	1993.343	1311.286	5010.523
130	1683.276	1694.001	1760.217	1857.03	2040.345	1335.072	5058.202
131	1680.621	1711.614	1810.948	1810.324	2032.148	1310.632	4949.738
132	1700.244	1691.925	1795.759	1771.909	2060.112	1321.288	4896.546
133	1682.827	1687.951	1804.77	1785.667	2118.138	1341.548	4835.281
134	1684.655	1674.434	1801.322	1744.619	2095.819	1333.631	4752.628
135	1705.574	1691.253	1812.119	1733.555	2103.673	1333.524	4641.833