TIME	20190130_W09	20190130_W11	20190130_W12	20190130_W13	20190131_W02	20190131_W03	20190131_W04	20190207_W01	20190208_W02	20190208_W03	20190208_W04	20190208_W05	20190214_W02	20190214_W03	20190214_W05	20190219_W01	20190219_W02	20190219_W03	20190219_W04	20180510_W04	20180510_W03	20180510_W02	20180510_W01	20180506_W02
0	1406.848511	1302.171021	1052.71228	1482.516113	1525.199463	1722.002075	1964.612305	2417.669434	1476.661011	1520.131958	1128.41394	1209.932129	1368.690796	1242.635742	837.089783	1296.586182	1186.97937	1155.697144	1361.630981	966.391	944.248	940.885	1089.222	1246.488
1	1435.6698	1343.833008	1063.340698	1533.389404	1474.851562	1674.405151	1867.719482	2376.652832	1404.999756	1450.308472	1087.226196	1154.74646	1390.059082	1206.203735	814.827698	1247.672241	1127.544189	1091.304688	1306.450195	924.876	884.373	907.023	1051.18	1201.025
2	1529.766235	1421.718018	1120.151489	1630.55188	1414.373901	1610.176636	1814.353271	2392.253418	1341.074707	1399.409668	1060.179321	1110.751709	1403.420898	1171.463867	800.166687	1207.284424	1088.638428	1012.149414	1256.99585	893.973	859.308	881.792	1015.138	1195.463
3	1576.200806	1432.67395	1137.151123	1654.119019	1365.338989	1561.757446	1750.568726	2412.508301	1293.160889	1352.690308	1022.030457	1070.502441	1384.114014	1123.307495	787.543518	1180.215576	1048.585815	959.296021	1220.838257	853.049	818.928	848.975	983.894	1153.025
4	1669.413086	1477.257202	1168.403442	1723.126221	1328.490723	1520.758545	1699.789062	2429.914307	1253.604858	1317.412109	992.660889	1020.732483	1366.770264	1089.357666	773.87085	1153.011719	1024.923218	939.402405	1191.851318	806.511	782.71	831.002	944.207	1124.281
5	1680.363403	1460.634033	1146.890747	1747.309814	1295.849731	1496.251709	1663.035034	2400.943115	1211.929565	1282.266113	970.817017	992.853149	1398.547974	1052.351196	755.940186	1130.07312	1000.478394	901.215088	1162.024414	778.112	769.435	816.351	914.28	1081.496
6	1756.472046	1449.060303	1135.561279	1747.312622	1285.629883	1465.652466	1634.668945	2395.225098	1175.406738	1253.257446	951.056213	976.929199	1374.981812	1029.704468	756.290649	1100.797607	977.581909	854.58844	1132.634155	743.007	750.922	800.786	888.943	1044.071
7	1779.799194	1475.819702	1185.229614	1854.329468	1268.574341	1445.626465	1588.091675	2387.435547	1146.040161	1243.365845	936.137634	956.895691	1337.495117	1010.359314	752.718262	1087.143311	969.846313	833.191162	1109.106812	726.426	738.497	780.454	857.525	1022.443
8	1763.424438	1444.262207	1144.093018	1838.050049	1236.05188	1406.336548	1551.881592	2364.200195	1113.661987	1216.628906	919.575134	944.763245	1319.572144	989.522827	744.755249	1069.473999	953.802917	805.060242	1098.335205	706.702	730.76	784.938	839.913	1002.883
9	1817.641235	1459.013428	1152.494263	1888.279175	1198.352661	1371.768555	1525.468872	2393.110107	1096.243774	1195.741333	900.698608	930.285339	1328.257324	974.632874	743.660217	1063.444214	950.241638	766.53009	1080.610229	694.695	716.749	780.63	822.005	986.972
10	1764.532837	1442.646851	1130.81958	1875.713379	1170.311401	1326.282715	1507.143799	2391.213135	1072.825562	1172.532837	893.868652	909.186096	1323.564087	960.926208	739.528442	1040.708252	947.340454	733.197083	1058.047974	682.716	701.692	768.977	802.88	965.273
11	1807.993286	1469.374878	1097.933105	1822.478638	1146.611084	1282.303345	1413.181274	2387.013672	1061.509033	1143.075195	893.565613	899.237854	1291.203003	949.720093	719.923584	1023.336853	951.983704	724.919434	1052.076172	669.51	691.865	761.81	786.841	953.446
12	1792.438843	1508.960083	1102.782104	1879.812012	1129.803467	1242.833496	1347.787842	2365.114258	1049.012451	1120.822754	891.962769	886.40033	1268.561279	942.628845	707.926636	1026.915039	946.838135	709.807861	1046.261597	666.477	694.335	750.994	776.188	941.555
13	1769.323853	1497.918701	1065.21875	1820.378662	1101.580566	1213.602661	1315.110718	2297.766846	1042.084229	1091.333984	885.312073	863.566223	1259.596436	940.820435	700.09375	1023.377869	945.830566	698.129822	1043.670044	658.323	687.863	734.339	764.832	932.442
14	1840.956177	1573.388794	1076.717163	1864.876953	1087.9646	1185.378052	1316.802856	2277.977051	1016.467224	1083.846558	873.667358	857.585938	1251.348999	937.342407	687.250854	1006.834412	931.422241	684.639526	1043.707031	643.124	677.272	724.142	755.214	915.616
15	1842.665649	1563.05835	1044.966797	1829.090698	1072.058716	1166.360107	1289.134888	2155.35083	980.573181	1074.039429	858.398682	835.045593	1234.444946	908.91333	676.171021	989.753357	918.228577	668.040894	1048.469604	622.284	662.881	702.983	743.822	884.039
16	1970.14917	1620.090576	1081.925415	1866.890381	1061.093628	1149.868286	1316.443604	2282.171143	978.635742	1084.863892	883.22406	818.157104	1274.038086	931.036926	656.37915	939.281555	863.331909	638.163391	1035.288574	620.605	667.209	696.096	737.995	893.425
17	1916.914185	1585.320557	1054.797485	1832.296265	1053.720581	1131.653564	1351.246948	2238.80835	967.18396	1080.963989	890.430359	815.849365	1274.123657	935.58075	669.10675	990.884827	899.937683	627.115112	1032.531372	610.047	665.916	688.922	741.393	889.941
18	1961.168091	1547.149902	1043.301025	1784.728394	1044.77063	1102.454224	1339.55957	2245.658447	932.468079	1086.137817	884.481506	808.023499	1252.837524	926.080383	660.124207	986.761414	884.298218	616.138062	1036.885132	616.226	656.314	673.52	733.676	888.821
19	1962.720337	1568.883545	1070.061401	1850.912109	1034.558228	1076.933838	1320.593506	2192.827393	907.666382	1063.736694	877.107117	792.72522	1212.143311	900.333252	648.698303	967.991455	876.203491	613.377197	1052.373901	609.528	652.162	670.215	740.386	883.253
20	1926.340698	1508.004272	1046.862183	1828.489746	1036.956787	1055.04834	1285.231445	2252.894775	871.940857	1057.004883	882.776428	794.051392	1185.624023	886.858704	641.543335	971.565247	877.660461	604.928589	1054.76709	617.96	656.649	669.968	737.4	886.762
21	1992.908447	1522.779907	1065.595947	1880.412842	1046.026733	1043.100464	1284.743896	2250.019043	844.29718	1051.355835	874.915466	791.32489	1158.997192	887.443115	629.707458	963.206909	882.248962	598.877136	1061.651855	616.677	647.486	663.466	743.081	890.404
22	1948.943237	1494.69812	1053.045044	1895.294067	1058.406128	1034.396973	1251.744751	2277.888184	852.700745	1048.653931	866.036072	787.547974	1147.349854	880.520203	630.491699	947.130493	874.581848	578.719482	1046.126953	617.915	650.056	660.677	753.982	886.097
23	1996.142578	1515.64978	1080.955078	1920.88855	1073.699219	1033.757568	1256.223877	2275.579346	855.32782	1029.487427	867.597168	789.503052	1130.860474	876.10376	632.146545	934.221863	876.539001	566.714844	1028.860474	613.897	656.687	656.095	754.054	892.713
24	1967.172119	1528.258667	1074.158936	1920.955322	1090.43042	1021.664734	1263.438721	2296.240234	845.807983	1009.587769	864.518555	796.945923	1132.62793	891.125	629.798096	932.278625	876.64447	552.772278	1027.065308	607.698	654.584	650.053	756.21	895.277
25	2015.954102	1570.879761	1055.749512	1868.605957	1090.119629	1023.865601	1274.906738	2280.565674	829.714478	1004.261719	867.300415	800.185303	1121.104126	895.728455	622.97052	922.149597	872.958618	551.314087	1025.805908	596.857	654.872	644.129	755.853	914.865
26	2024.254028	1622.816162	1081.730713	1925.708618	1087.843872	1011.660706	1284.043823	2262.639648	818.994629	1011.938538	861.670471	803.481201	1099.20105	904.714661	618.81958	932.55658	878.725586	560.365112	1022.395752	590.402	655.637	633.872	759.204	913.386
27	2000.59668	1615.547485	1058.647583	1873.702393	1085.941284	1026.969727	1288.784668	2266.636475	803.26709	1015.672058	870.886414	801.572021	1081.245361	915.931946	618.234802	942.071716	873.414978	565.756775	1029.804932	589.329	647.561	622.949	756.559	919.535
28	2071.986572	1687.721924	1091.932983	1886.863403	1076.760498	1042.891113	1297.094727	2188.594482	790.264709	1018.300171	882.255249	798.086304	1062.931274	913.598572	617.654785	943.557434	887.917664	569.623596	1034.984497	582.036	645.236	613.374	759.694	922.878
29	2073.384033	1663.28418	1069.745728	1818.792603	1069.500366	1070.015259	1330.839233	2137.371338	775.622742	1011.387451	893.096741	797.519409	1041.880615	916.510559	615.386475	947.782349	882.251587	577.420593	1044.908813	583.59	639.941	601.718	759.428	940.943
30	2149.65332	1707.099487	1091.945312	1848.495117	1060.06543	1087.956055	1363.108765	2055.084717	775.760864	1008.003174	925.959778	787.925842	1030.479248	909.18335	616.255737	948.161865	885.17688	573.528198	1054.550171	589.738	630	595.419	760.121	935.264
31	2091.186523	1657.87146	1063.847656	1821.646851	1070.846191	1112.745239	1374.869385	1996.824829	776.210205	1017.648743	946.735779	781.933289	1020.485962	894.117859	607.245361	944.058594	885.561523	565.57074	1078.474976	586.016	626.226	595.623	762.189	957.294
32	2152.864746	1670.599854	1091.176758	1865.23584	1075.098633	1127.431763	1396.068359	1970.878418	786.258484	1033.289673	965.907837	780.652588	1026.71814	894.636353	613.537476	953.143555	900.84845	562.563538	1089.038086	587.044	626.139	592.148	780.726	950.13
33	2108.862793	1638.020264	1088.109009	1876.116333	1075.910034	1134.016235	1394.362427	1987.098389	789.333984	1019.299866	964.608826	785.702087	1040.36499	891.324402	625.337036	949.961121	894.919312	558.536133	1110.291504	583.617	622.43	583.481	784.637	956.917
34	2101.42334	1565.955444	1040.358154	1823.924805	1084.993286	1123.233643	1390.249512	1962.836792	804.657166	1018.494019	971.569946	783.597473	1059.421021	891.101135	626.439209	925.180786	898.77478	544.410889	1097.210815	580.142	616.444	590.108	799.756	965.946
35	2108.452637	1604.243896	1067.260742	1897.399414	1077.616943	1093.695312	1369.878906	1980.964722	803.003418	998.911255	941.704224	795.377075	1042.133179	863.757324	635.003601	917.750549	888.64502	539.040161	1101.519043	579.641	610.26	579.255	817.275	971.362
36	2057.898438	1567.444336	1022.294128	1828.08728	1094.52356	1067.50354	1363.452026	1982.292847	814.361633	980.287109	929.777466	790.102417	1044.833374	845.47937	630.908081	900.702148	886.856079	524.826538	1091.340942	570.4	600.747	581.158	829.354	964.363
37	2117.850098	1624.370239	1039.027954	1825.612061	1129.546997	1053.895874	1375.595215	1968.245117	816.971741	943.018311	928.79425	791.872864	1040.880005	841.84729	631.930176	897.560242	883.940186	518.023865	1073.819458	561.874	598.003	571.369	825.556	995.426
38	2031.437866	1584.856812	1006.181641	1724.598511	1137.119019	1030.592285	1349.636841	1978.679932	816.518921	930.983459	927.698853	786.395996	1051.744141	848.281616	640.723328	897.789368	879.562012	505.437958	1059.755615	563.444	591.603	568.372	840.72	991.379
39	2085.022705	1621.591553	1008.490479	1712.603271	1160.1698	1003.194031	1332.9375	1942.607056	828.632935	909.672546	932.117004	776.881409	1060.057251	855.022095	643.540405	897.849365	903.486206	511.188629	1047.835571	556.106	585.723	570.224	837.148	1002.291
40	2044.841064	1602.658447	1010.451904	1654.626465	1167.383423	970.836243	1330.626953	1918.493164	842.227356	906.34491	953.84021	775.124878	1053.277832	860.782593	645.213745	904.965271	916.396973	507.846924	1050.61438	551.073	588.36	566.315	832.482	1004.59
41	2075.668701	1629.163818	1007.919556	1571.571045	1164.752441	957.384216	1323.931396	1868.859619	860.327515	901.861328	953.463074	768.631348	1051.60376	865.271118	648.712219	907.791931	913.206848	504.358765	1055.264038	546.073	587.71	563.115	819.158	1001.176
42	2020.95813	1611.442749	1015.782104	1540.775513	1168.701538	950.482605	1323.552246	1853.773926	858.461914	908.509094	923.363464	777.851257	1029.081421	869.920044	641.433411	906.43512	926.980835	497.260254	1040.206177	546.168	575.249	569.445	813.656	995.109
43	2018.896118	1595.023193	999.492432	1477.079102	1146.299438	952.694214	1326.836426	1812.904785	854.872437	897.792175	895.432861	768.461975	1029.178101	862.410095	638.319519	897.895935	934.275085	497.470764	1049.829712	537.174	565.489	569.266	809.256	1001.591
44	1998.682739	1599.933594	1016.340454	1480.991699	1141.246582	936.100891	1348.374756	1814.036133	839.043091	914.322632	906.441772	775.834717	1019.944641	854.913635	647.489075	891.50116	927.528076	489.200226	1057.061768	538.584	559.113	569.605	810.49	990.277
45	1973.507812	1530.355103	990.900024	1428.275391	1155.86377	924.153503	1343.440918	1795.44458	824.524841	923.003784	927.087219	763.51416	1024.423218	840.54834	650.688416	897.521362	922.416687	485.221985	1046.028687	534.286	549.36	564.139	816.822	992.937
46	1988.590332	1529.005005	1014.76416	1461.657837	1156.806641	916.562866	1337.512085	1764.23938	815.502808	908.376221	938.163391	764.447083	1046.286255	828.529663	651.61731	888.364441	921.786011	484.424835	1038.092773	536.241	542.144	559.5	826.194	985.992
47	1934.911621	1481.057251	999.077209	1447.698853	1157.373291	907.007324	1313.504761	1823.835938	809.672791	898.00946	950.110474	761.260986	1059.451904	806.345825	647.934143	880.171997	918.63739	474.256226	1051.192749	539.287	537.147	563.83	827.015	988.285
48	1980.71167	1493.709473	1023.888794	1449.516724	1173.287354	893.59906	1294.124756	1812.896484	812.942139	891.503662	954.037964	764.151245	1083.006226	794.673767	650.160767	871.12262	907.531555	469.954254	1046.399414	535.044	531.719	562.078	822.044	979.157
49	1974.439697	1507.795776	1013.629028	1456.485596	1183.220337	882.314087	1294.51709	1885.838989	833.621216	890.269043	974.782654	768.992371	1080.133423	796.655884	650.662598	871.681091	907.380676	470.774872	1039.479614	525.865	528.911	557.649	830.389	991.323
50	2027.310669	1519.479248	1009.364136	1433.819458	1205.463257	868.926086	1281.878418	1869.50061	844.560059	882.129761	970.262085	769.573547	1088.489624	805.180298	664.547974	861.760376	904.050659	468.848236	1045.692017	524.636	528.992	560.54	826.225	990.616
51	1996.577637	1538.556396	1003.392944	1430.131958	1207.362793	844.629272	1267.942139	1878.751099	845.443359	878.572083	971.530273	774.463135	1117.782349	806.396301	660.963135	862.194702	903.229492	464.175262	1035.406494	524.211	528.211	555.948	829.161	1005.045
52	1973.157593	1504.342896	970.524475	1363.396484	1172.581055	810.58728	1225.868164	1879.05481	819.529297	868.012146	934.770691	762.827087	1099.991089	803.089478	654.604126	841.308594	877.578247	453.755951	1024.515137	521.818	523.197	546.748	831.716	995.525
53	1998.615356	1533.220215	987.719788	1382.957642	1176.033447	809.755249	1199.721436	1870.773071	825.283386	883.764404	928.523682	755.31189	1073.913452	792.433289	640.906372	835.919922	867.107788	445.652618	1023.671387	516.291	521.274	547.048	819.566	1010.086
54	1949.628296	1487.554932	973.168457	1329.666138	1169.366455	799.967163	1196.070801	1855.652466	822.234436	880.03125	932.822388	740.93927	1070.272827	809.288818	646.169189	843.020447	872.617737	443.001373	1014.213501	513.442	521.603	550.088	820.033	1008.585
55	1970.803955	1504.541748	998.381226	1306.866089	1172.677979	794.212402	1191.537842	1856.208984	817.452454	880.613464	922.557617	729.91095	1085.488159	808.00885	655.398865	838.604614	873.32312	444.210693	1006.626953	506.648	517.167	547.096	816.885	994.046
56	1880.556274	1435.77063	994.128479	1272.280884	1164.326294	786.569275	1161.828613	1852.943237	810.831665	879.221802	924.07959	727.965698	1093.508179	806.947693	645.702271	841.784058	866.690857	441.705383	993.401123	509.809	514.583	544.118	801.938	999.337
57	1906.022461	1441.996216	1014.806152	1379.56958	1158.306763	786.93634	1145.541138	1839.072144	803.709351	878.128967	922.316345	720.027954	1093.133423	802.441589	644.053711	836.109497	856.05249	442.785828	994.697021	503.202	512.105	545.704	803.432	980.428
58	1839.001221	1390.3302	1006.398499	1372.151733	1152.706299	786.260132	1141.542603	1864.46936	800.881165	884.267395	916.044128	722.791199	1091.49939	792.368042	650.312378	829.807312	838.515747	443.233612	1007.416382	506.066	510.473	544.256	799.804	979.497
59	1883.258423	1393.863892	1011.460632	1391.683594	1159.631714	786.23175	1110.631348	1887.670166	797.077087	879.06311	916.850098	720.908264	1097.258789	790.540283	646.473145	818.584778	830.776123	443.810791	1012.704712	499.803	500.795	534.72	793.451	971.478
60	1856.43457	1392.686768	1033.553101	1437.067871	1149.121216	782.156372	1074.583862	1922.999878	786.46875	872.906372	920.014709	717.009399	1112.650146	779.658386	643.819824	803.429626	818.873413	439.142059	1006.425476	503.428	497.19	532.247	795.363	983.578
61	1867.813354	1370.585083	1010.863647	1421.304688	1137.824951	773.289978	1056.222412	1958.812988	776.034241	868.045837	922.306396	714.95874	1094.192627	775.374756	644.796021	803.080811	810.556091	440.986359	1018.73468	499.584	494.276	533.989	788.513	970.186
62	1898.982788	1422.000488	1003.172729	1442.516724	1128.822754	768.537048	1021.215088	1972.880127	763.953979	856.034058	934.63739	716.599487	1091.872192	761.704346	720.294128	793.0401	802.192505	437.906128	1012.6427	503.308	492.54	531.863	799.774	986.601
63	1880.028809	1415.972046	970.452576	1407.725464	1139.973267	753.331482	992.400757	1991.164185	764.427979	841.204956	950.098816	713.794678	1084.324585	752.319458	707.403687	784.50238	792.465454	441.878296	1007.146362	498.246	496.039	526.886	804.684	987.626
64	1912.742676	1482.657349	986.369629	1409.37085	1153.444824	748.878784	966.056763	2021.715698	762.771545	829.657349	961.533813	709.267639	1072.191528	750.006348	707.247803	777.739502	782.119873	440.407806	991.888794	495.555	488.503	522.005	808.185	987.741
65	1886.117432	1498.149414	985.453857	1382.419556	1164.114868	740.808167	955.360352	2046.800171	758.250122	815.285706	964.67334	704.066833	1072.076782	755.705933	712.226074	768.795532	782.957031	435.736511	996.721497	488.449	489.33	519.525	804.763	994.203
66	1942.268066	1530.798096	996.327698	1341.751831	1176.348145	752.139282	937.353394	2046.754761	774.862427	831.113037	997.242493	709.166199	1061.575073	746.072693	710.174622	775.31488	789.888611	435.708954	975.868286	489.494	490.72	515.182	808.741	998.017
67	1916.80249	1529.524292	1017.80188	1334.474243	1185.424927	751.441528	908.473145	2042.061523	784.90155	817.253418	994.821228	714.478638	1044.803345	760.256287	730.918274	769.428223	789.799011	436.023895	967.922852	482.566	488.973	517.488	814.058	1005.552
68	1902.877441	1495.912354	1005.001831	1295.647339	1183.314453	761.068359	884.397888	1963.521606	781.796997	820.544983	980.983826	705.855835	1036.917725	772.207825	747.271606	760.962219	792.923279	433.849548	965.772522	479.272	480.737	513.841	806.798	988.73
69	1864.147095	1493.437988	1024.525635	1304.346191	1165.857422	756.170288	858.457581	1977.570557	769.621216	798.202332	955.189819	713.620911	1028.415405	767.500977	759.066345	745.047546	782.696106	431.028748	967.025452	478.903	487.331	514.757	800.323	1000.936
70	1840.734619	1456.968994	1018.788696	1317.538208	1149.950684	762.10083	842.861267	1962.210449	762.814575	797.282349	929.258057	697.340271	1025.276611	752.874573	760.228088	744.670776	782.627014	429.680298	966.911438	475.472	485.666	524.48	796.013	999.395
71	1840.435181	1457.608032	1016.657715	1361.498535	1127.402222	765.77655	832.809082	1969.831177	757.102661	792.203003	930.528198	696.860596	1033.361572	757.221191	763.071106	737.527222	777.710693	431.817902	961.419861	471.604	480.88	515.024	805.016	1002.234
72	1813.937378	1430.698975	1011.347717	1391.085449	1118.091309	768.768921	841.731079	1954.312866	745.404175	792.814087	928.508179	691.034485	1023.145569	754.279724	759.271729	743.545288	783.300049	431.913666	956.237854	463.137	480.831	516.022	817.122	996.435
73	1780.758057	1403.263916	982.424744	1404.196045	1090.732788	772.037048	834.561035	1957.185425	741.771606	791.37439	935.171875	681.413269	1022.179077	755.055969	757.480957	725.160156	772.271362	431.987152	952.811401	458.518	478.495	519.395	820.68	998.612
74	1822.081543	1439.861694	989.258545	1453.92395	1084.697876	774.796875	836.429077	1937.772095	735.545471	790.891235	950.168945	681.99646	1032.550659	755.589417	758.486572	720.027588	770.260193	425.85968	946.862244	458.024	477.394	516.197	816.396	1007.755
75	1802.721436	1423.593384	971.424561	1448.941284	1069.697388	772.960999	832.308716	1942.028076	721.501343	786.422974	969.065063	684.510254	1028.44812	752.051025	748.654785	721.890015	763.177734	426.692139	957.275452	452.883	478.512	518.477	827.183	1013.926
76	1834.259888	1476.805298	985.566223	1460.768555	1067.95752	768.989258	828.418396	1919.25293	709.048523	777.014343	983.138367	683.684631	1023.697571	755.926697	744.380798	713.480591	762.820496	425.972961	952.664001	452.784	477.686	515.077	826.916	1004.04
77	1816.39624	1488.20166	980.267639	1427.544922	1064.304565	757.358093	801.091187	1872.931641	710.570251	771.886658	993.209045	676.240356	1036.83374	750.242737	739.254578	704.200806	763.90863	425.198639	950.109741	454.25	482.731	521.608	822.857	1012.686
78	1823.526733	1498.118896	977.616516	1343.239014	1080.625488	752.830078	793.191711	1916.331909	705.590576	768.859192	1005.009277	674.940491	1026.313477	755.282043	740.19397	690.264709	754.170166	421.417511	944.186768	450.881	484.14	515.398	834.255	1005.937
79	1798.659912	1533.441528	1018.427856	1337.292236	1079.855591	750.960144	771.504761	1887.044067	709.267639	764.981323	1012.596008	671.200928	1012.638794	748.82666	753.254578	692.82135	757.108887	428.573822	952.250244	446.852	482.146	512.434	821.602	1003.391
80	1757.110229	1504.307861	1039.077637	1281.428467	1089.748657	752.669067	757.11499	1895.086914	711.592957	756.873901	1008.736023	663.530212	1011.646729	751.034424	781.767273	689.61261	757.888062	426.244904	948.219177	449.363	484.629	518.411	816.392	1026.831
81	1794.101074	1521.751709	1068.5802	1250.547729	1102.836914	764.420227	746.111633	1886.598022	723.816101	753.522888	1016.201416	664.367737	993.470825	754.0448	797.786682	687.663391	764.449829	422.987488	940.458862	444.147	486.387	514.996	827.483	1016.305
82	1765.166748	1483.778076	1059.85376	1210.186523	1108.572998	779.739441	735.428345	1901.039795	723.347534	742.864197	1005.479553	662.628662	986.730469	750.996033	806.065063	682.952148	761.227539	419.090332	939.166626	442.835	492.536	515.371	823.517	1038.726
83	1781.327637	1486.084351	1064.233765	1133.288452	1109.806274	808.431641	747.146423	1887.475952	750.147034	757.224792	1010.4823	663.646484	987.369629	766.059082	825.356262	685.422302	771.905212	420.239685	925.128174	436.161	489.836	515.639	813.894	1028.874
84	1741.974609	1458.903442	1071.060913	1106.403442	1108.339111	827.64563	742.467102	1902.0625	755.417664	764.338989	1010.100525	667.098022	999.425415	795.814575	853.733154	684.431885	780.27356	423.762207	917.944397	440.396	492.193	518.537	814.517	1028.214
85	1725.026367	1421.966553	1034.528809	1037.060913	1090.408081	839.879761	751.48822	1857.434448	757.535522	771.702271	999.386047	665.962708	1006.517151	804.45575	861.805237	683.81012	783.084229	423.71701	920.131409	435.695	496.482	528.756	819.285	1026.099
86	1705.841919	1445.168823	1026.15271	1024.128174	1074.764893	830.88739	744.488892	1855.077759	735.403259	763.452026	968.441956	664.064819	1006.876648	802.426697	869.006775	677.519714	774.131897	418.469879	921.647766	437.772	497.601	524.703	816.17	1033.97
87	1686.310791	1414.325684	996.994263	980.743286	1059.363647	837.68158	750.250916	1845.022095	729.433105	761.004761	958.746338	657.763245	1012.999146	806.518005	856.15979	671.643616	776.980408	417.736969	922.647461	437.913	492.9	530.726	812.002	1038.699
88	1707.494751	1425.051758	994.942993	976.896667	1061.405151	840.609436	741.277893	1833.070923	723.590149	762.27179	959.333862	657.332153	1005.810303	792.590271	848.361938	674.467651	783.651123	415.002716	919.627625	442.523	495.167	529.155	814.081	1024.447
89	1695.177002	1409.212036	1016.177307	948.325684	1050.780762	829.825806	732.570374	1846.261108	731.049255	777.389648	967.143555	655.021606	1010.016724	804.94458	841.658813	666.42865	783.968384	412.015533	911.651123	437.418	496.582	530.265	820.461	1019.582
90	1738.778442	1438.884155	1073.046143	946.545471	1052.590088	823.930542	719.702332	1808.587891	725.429504	770.05304	981.353699	656.113342	1013.03833	807.440491	834.199036	668.657043	781.721558	415.712585	913.856506	434.637	499.111	530.387	822.983	1008.028
91	1736.282959	1441.132568	1131.952148	884.986755	1066.981079	822.18042	708.876282	1840.206909	723.308044	767.759827	987.560852	651.129089	1006.49823	808.621948	831.040833	664.90094	779.997681	414.205872	914.167175	442.22	503.716	532.72	823.659	1028.874
92	1745.986694	1428.705078	1134.210449	883.59906	1098.001709	814.742676	700.244385	1852.458862	733.267517	769.802856	997.475647	649.581238	1006.597351	804.223572	829.888062	666.867065	781.601074	418.160217	908.433655	443.183	503.542	527.375	817.763	1007.518
93	1694.604858	1434.129028	1147.55603	921.442078	1119.491821	809.314819	682.563354	1867.008423	737.824463	771.562927	1006.741394	646.899231	1002.903503	801.574463	833.171265	664.762268	774.526245	413.965912	910.047668	442.903	500.256	530.877	822.406	1015.257
94	1664.441406	1416.550415	1153.32605	926.021301	1145.910522	814.17865	686.10321	1871.827881	729.716797	771.268372	1020.666321	645.179993	1006.924255	808.997498	850.26001	661.279419	778.496033	411.963531	885.422485	443.938	507.792	533.98	822.557	1004.815
95	1660.956177	1410.246216	1148.779907	960.366455	1165.849121	815.741333	674.453491	1868.255737	735.939331	773.348145	1015.803101	635.624023	997.064758	809.332764	852.587097	664.458618	783.564819	412.661041	874.8125	441.199	510.924	529.116	823.801	1019.418
96	1658.546143	1374.23999	1117.792603	942.797424	1174.602783	820.703918	681.297363	1885.78125	756.931641	766.346558	1015.409363	637.995667	990.159241	818.297119	866.076233	666.940674	776.927368	410.508484	862.361938	435.914	508.842	532.514	824.193	1005.4
97	1673.20166	1389.930176	1108.834351	962.371765	1186.051025	835.979065	684.137207	1855.770386	753.137939	760.760681	1006.543579	636.196411	990.850769	823.862122	879.589905	675.538696	789.178528	410.414703	852.72522	433.042	505.976	532.404	825.398	1008.088
98	1636.851929	1356.013184	1057.391846	953.37323	1182.303955	847.659363	680.492859	1847.105835	776.456055	757.944336	1002.145081	633.567261	999.38501	833.991943	883.76709	678.764099	790.536987	412.943848	851.2276	436.877	513.685	538.479	825.194	1014.683
99	1691.239868	1358.192139	1048.319946	949.415527	1183.64978	845.785583	684.479187	1847.250732	783.625122	751.671997	999.924866	636.677429	1000.401001	835.535889	894.679199	691.524353	802.36261	416.842957	843.146484	437.715	515.11	538.101	824.137	1004.476
100	1684.191528	1335.016357	1046.073486	964.126587	1187.797607	870.666138	704.512024	1860.017578	793.288452	776.616272	1016.863708	635.630615	1008.618408	845.702393	894.366028	716.17926	830.128113	422.34967	830.910217	437.679	508.149	538.218	821.991	1009.504
101	1678.472778	1314.673218	1016.160583	950.224854	1184.614746	873.828857	713.43219	1844.581055	791.13092	783.485718	1005.223633	632.374451	1035.566162	882.401367	916.178772	728.092407	839.023499	423.887573	842.624329	440.146	514.208	541.906	825.264	992.22
102	1697.873657	1315.621338	1019.879761	937.859924	1184.358887	874.131531	715.623108	1839.374878	791.17334	796.720459	992.762329	632.144409	1039.528809	889.43103	915.264771	727.561218	836.264343	425.036774	848.763611	437.646	514.562	538.996	815.746	985.923
103	1691.760986	1297.170288	1016.537231	917.239441	1193.906128	853.804565	702.281494	1838.026367	763.176819	789.653137	979.31958	633.792419	1030.488403	899.111877	928.922058	723.340942	825.597961	419.081268	843.956543	436.446	519.928	546.202	815.535	988.664
104	1693.696167	1298.568115	1025.505859	925.745117	1233.914795	842.700806	702.760681	1837.732788	765.422546	775.354614	980.177795	627.001282	1029.292603	884.850525	912.917236	728.669006	825.007324	416.131165	847.353333	442.463	515.815	548.75	813.293	979.067
105	1662.756958	1282.110962	1017.408569	919.69043	1259.420654	841.884399	695.256226	1857.945557	762.560974	783.749634	982.190735	622.328369	1025.843384	889.355835	906.636292	723.402039	821.163818	417.384949	848.862	438.468	513.211	550.117	809.981	989.458
106	1669.927612	1301.47876	1018.813293	934.723083	1286.465576	835.851013	694.717346	1870.837402	766.717773	791.366638	982.36853	622.8573	1022.061707	891.243103	899.62854	720.286621	820.148743	416.026093	851.656128	433.453	510.563	546.819	808.274	968.357
107	1588.906372	1237.092041	985.840027	914.748657	1288.376709	832.220215	683.07196	1876.809082	768.047119	791.188965	984.654541	623.265869	1021.084106	900.758362	907.068665	720.479126	814.395752	415.015289	858.573608	433.43	508.415	551.295	811.852	977.716
108	1569.591675	1197.290039	952.965942	916.413269	1297.575928	828.884705	679.981262	1885.841797	779.894348	789.423096	982.769958	623.868774	1031.551636	896.890259	907.729614	719.642883	815.687561	415.190369	851.324097	429.36	503.335	542.282	805.258	976.689
109	1617.085205	1220.097778	952.203003	953.194397	1297.244629	843.249084	681.228577	1853.106689	780.553345	782.396362	985.977722	625.266357	1022.832764	901.960571	926.688049	711.937988	828.152405	417.596527	853.189636	424.298	504.511	544.07	814.658	971.567
110	1618.088745	1176.439087	914.178101	942.034424	1292.643066	856.917297	680.998596	1862.512939	786.987488	779.107666	979.374207	618.047363	1023.520203	902.295105	932.028503	715.729187	832.404602	414.176971	846.984741	427.036	505.922	540.55	813.326	973.467
111	1677.270264	1193.315918	914.838806	964.350342	1284.022705	866.858948	687.945312	1832.111328	780.680481	780.414001	981.076538	625.702881	1018.32312	865.777893	942.947754	722.300964	839.626648	411.634583	849.349548	424.439	503.515	543.334	821.101	974.466
112	1659.79834	1161.157471	874.303162	936.536438	1259.938965	878.819153	693.774658	1822.737183	770.693909	787.979736	972.337646	622.134277	1021.418884	892.827637	961.405212	733.551392	851.022156	407.9198	837.317139	420.339	503.672	539.179	818.809	968.543
113	1709.663818	1170.854248	883.657104	951.344055	1241.042603	879.290161	700.090332	1820.344849	770.188171	785.277527	964.56604	619.356384	1023.544861	917.434753	964.994385	738.468811	862.532898	408.702972	849.55072	421.182	503.05	543.344	821.003	976.581
114	1678.472656	1152.480591	860.309937	932.605286	1235.830566	882.371948	712.369995	1816.961792	763.398987	785.389587	953.390381	623.341797	1024.885132	949.265869	968.65094	761.519226	878.383484	413.056824	839.34552	427.972	498.944	546.688	815.918	977.577
115	1703.618896	1160.459473	864.808411	938.235535	1235.337524	890.598328	733.942566	1835.939575	763.064819	793.960388	941.522095	622.011597	1029.207397	973.539124	959.548401	768.138367	896.137451	406.734375	831.823425	428.42	500.077	547.054	812.354	971.012
116	1670.216431	1145.733643	853.896545	937.5	1235.27417	880.351624	738.756836	1808.25769	758.571472	801.51001	936.81012	624.80957	1029.520874	987.90918	944.392273	782.321167	898.707275	411.900787	824.522766	425.358	499.893	548.272	812.074	972.632
117	1689.388916	1161.783936	849.478516	915.695557	1247.06958	889.242615	757.002747	1864.873413	754.638611	810.434143	935.594543	626.580811	1044.568604	1012.271729	944.932922	783.484924	914.916138	415.907715	823.45636	426.827	500.29	550.266	813.827	968.812
118	1621.668945	1155.707275	837.49646	937.763672	1261.213135	883.397888	767.208557	1834.647583	755.88147	826.13324	938.708679	624.287476	1047.837769	1044.05957	958.35498	769.429382	924.780396	415.386292	818.322266	425.418	498.585	553.873	811.385	972.802
119	1566.447144	1152.791992	817.694519	945.35144	1252.355957	873.015564	768.195801	1847.469116	752.235413	833.777527	937.1521	628.387512	1064.977295	1052.107544	955.124084	751.026672	930.574951	407.715088	810.152283	421.758	499.624	555.747	810.97	984.435
120	1550.791382	1163.105225	806.749268	995.966919	1242.924927	848.366516	757.535706	1819.753052	738.398987	821.129272	910.329102	623.071289	1053.24939	1043.156372	955.786011	738.393799	920.625977	398.003845	811.590271	424.854	497.283	554.247	803.927	980.737
121	1530.73938	1125.410522	778.320618	1015.216431	1236.782471	855.12561	748.682068	1802.963379	747.080933	811.029724	901.270203	615.617432	1043.690063	1022.897949	950.151306	732.707764	923.377747	393.503265	805.182922	424.224	500.265	554.33	801.47	979.702
122	1578.662964	1131.797607	772.711731	1098.8479	1220.4375	847.736328	739.582214	1804.718506	742.329285	808.814514	897.740479	613.889954	1038.692017	1028.479736	976.433594	723.127014	914.411865	394.512238	805.456909	423.983	495.11	557.099	802.043	977.69
123	1538.846802	1094.935669	741.428772	1128.152588	1221.379272	852.418701	732.393005	1758.038574	745.719116	808.100525	891.641785	610.2276	1031.148804	1010.48999	980.583252	719.334473	920.648193	394.691925	803.922913	421.625	495.516	552.512	802.047	972.351
124	1569.502563	1095.467773	728.748169	1248.495117	1216.060181	861.470032	730.093811	1779.519531	750.442444	803.486267	896.147095	613.896484	1031.823242	997.160339	1000.127258	711.455017	926.306519	391.316254	790.444153	422.039	495.531	550.773	800.768	969.407
125	1545	1066.526123	707.962402	1231.471924	1210.953125	874.872864	730.034058	1736.300415	753.766541	806.812256	904.350403	619.028259	1026.848633	991.18988	1015.448059	710.938354	932.813477	388.309662	781.993958	417.859	494.146	557.082	798.483	975.233
126	1588.327026	1066.207764	696.683105	1216.004517	1205.371582	886.784058	734.786987	1749.412354	745.114441	805.122253	907.313354	613.49054	1021.09375	994.403992	996.730896	718.646118	957.253113	389.956329	760.92865	416.139	496.993	551.028	799.876	972.82
127	1550.366821	1043.947998	694.489197	1214.94458	1199.663696	888.151672	738.908752	1747.586914	735.058777	805.305542	904.975037	612.233765	1010.121033	997.799377	1031.442505	716.781494	975.875122	390.863464	760.68396	418.316	496.603	551.325	793.092	958.684
128	1545.840332	985.001404	682.81189	1189.559448	1185.013306	890.449524	742.42157	1744.573853	735.937073	809.422607	898.139648	618.924683	1017.533691	1000.428833	1014.107971	725.968262	988.335938	387.802307	751.217285	406.886	492.412	552.169	793.261	957.562