TIME	20190130_W01	20190139_W02	20180130_W03	20190130_W04	20190130_W05	20190130_W06	20190131_W05	20190131_W06	20190131_W07	20190131_W08	20190207_W06	20190207_W07	20190207_W08	20190208_W06	20190208_W07	20190208_W08	20190208_W09	20190208_W10	20190214_W06	20190214_W09	20190214_W10	20190219_W05	20190219_W06	20190219_W07	20190219_W08	20190219_W09	20180510_W16	20180510_W15	20180510_W14	20180510_W13	20180506_W05	20180506_W06
0	1184.904785	1067.776978	1126.103638	1284.299561	1065.396118	1026.932861	1725.745117	850.33313	1691.608398	1899.728516	1441.350342	1932.804199	3163.498047	1387.786621	1658.037354	1455.444336	1704.422119	1835.590576	1419.713135	1387.418579	1244.622437	1312.027588	953.741577	883.518555	1324.41626	1123.728271	776.178	702.958	778.385	809.846	1411.508	1506.94
1	1240.339111	1125.991455	1151.121704	1368.732544	1084.495361	1049.460083	1679.11084	842.294128	1639.739624	1822.969971	1439.608521	1949.143677	3104.895752	1311.734497	1602.130859	1392.322876	1638.0625	1753.361572	1392.665771	1355.110596	1240.536621	1266.080078	898.260803	838.98999	1271.125122	1095.334595	755.785	679.15	754.481	771.189	1383.13	1456.708
2	1254.535645	1131.596802	1142.00354	1383.17395	1081.994629	1054.009399	1639.322021	843.727722	1613.170532	1761.150757	1447.604126	1942.032959	3024.631348	1242.846191	1527.101807	1296.419678	1565.532593	1659.544312	1350.927734	1316.346313	1233.770142	1225.986938	836.743164	807.56366	1223.31897	1064.744751	732.345	661.794	726.094	742.568	1344.014	1409.285
3	1309.546509	1167.411865	1146.022827	1397.025635	1069.286011	1045.899658	1608.167725	856.89093	1588.61084	1703.804321	1556.168823	1986.51355	2977.516357	1189.58374	1479.168579	1251.799316	1513.133423	1591.272095	1323.758423	1285.223755	1232.035278	1195.686768	790.85437	778.47113	1181.980713	1045.64917	701.142	633.717	698.502	713.453	1296.918	1349.634
4	1335.843262	1181.619995	1142.989746	1456.612305	1089.035889	1052.918213	1592.489868	870.255127	1590.724731	1675.421021	1625.106201	1976.83728	2881.236328	1156.657227	1447.490845	1217.20874	1461.670898	1539.974976	1288.206421	1259.758789	1226.88916	1171.459473	775.950623	753.116882	1161.757446	1033.734009	682.161	620.476	688.927	695.924	1269.308	1304.001
5	1365.662354	1178.704956	1120.213745	1457.053223	1067.956055	1049.809937	1563.796143	897.729492	1585.235107	1648.862183	1699.631226	1989.6875	2847.38501	1121.096558	1406.792603	1197.276367	1402.646484	1496.084106	1259.093994	1245.543213	1241.157349	1146.034912	742.128845	741.506531	1130.872437	1007.981995	661.935	599.969	675.379	678.931	1235.239	1277.362
6	1459.599731	1219.467773	1138.989136	1499.059692	1079.081299	1051.461426	1558.332153	931.928711	1569.311157	1627.668823	1784.626953	1986.151489	2781.302979	1081.845947	1367.949951	1184.364624	1367.682861	1457.582031	1251.967285	1233.242432	1249.197876	1121.350586	683.125061	720.251587	1099.682739	978.075439	641.935	579.689	665.914	663.284	1209.885	1238.375
7	1492.331543	1184.946167	1096.49292	1473.679932	1045.005859	1018.239075	1533.599854	965.562744	1527.100952	1594.030762	1845.763672	1990.728638	2708.722168	1063.678711	1351.770508	1168.436523	1316.821777	1414.439697	1245.219849	1203.559814	1267.579956	1102.465942	646.18866	704.389832	1083.492554	942.035156	629.63	566.995	655.009	654.513	1168.193	1193.597
8	1567.517334	1179.139282	1093.998291	1501.692749	1040.456665	1002.948059	1519.070923	994.197205	1495.670776	1561.759644	1859.147095	1998.091797	2737.217041	1040.619263	1328.782471	1148.967041	1285.439331	1378.785767	1250.571289	1190.992065	1280.415527	1083.345337	625.060303	698.534912	1065.582764	914.35907	616.967	550.205	647.389	649.686	1140.793	1150.371
9	1588.130249	1159.333618	1060.500488	1527.984375	1052.986206	1024.049316	1476.663452	1009.961609	1458.276733	1528.621338	1862.3573	1986.27002	2695.664795	1023.4328	1333.785156	1126.512451	1251.094482	1339.213989	1240.455444	1164.632935	1301.036621	1064.844482	595.153137	689.967651	1038.987183	878.544739	609.621	542.439	647.642	644.206	1141.845	1129.846
10	1572.997437	1117.903442	1018.87085	1511.776123	1031.776611	991.353455	1448.694946	1025.727417	1421.746338	1500.550537	1878.990234	2020.696045	2686.284424	1008.625427	1334.947021	1102.412231	1220.343384	1317.643921	1228.374268	1145.508789	1323.465942	1060.623535	566.822205	679.186951	1020.90332	878.53418	597.626	525.784	644.559	641.806	1128.793	997.895
11	1714.711548	1147.828125	1033.11499	1560.186401	1056.367065	1027.017456	1414.658936	1036.88623	1377.52063	1456.248779	1895.690796	2014.599487	2652.056152	967.641113	1324.564697	1086.801025	1199.430786	1305.423584	1217.350098	1115.141846	1304.066162	1041.594116	560.255005	678.815002	1014.815491	868.998413	585.028	521.114	638.404	640.387	1110.104	972.878
12	1720.911133	1099.335449	1003.520447	1495.800537	1037.426392	991.584595	1381.275635	1063.605591	1340.529663	1435.811157	1877.310303	2010.336914	2609.070557	949.928955	1329.820557	1079.81311	1186.185059	1284.614502	1202.992554	1088.762329	1303.032715	1030.282593	550.394043	669.710999	993.576233	850.9021	573.933	506.45	635.225	638.798	1074.553	949.212
13	1782.734497	1108.70874	1029.224365	1513.589478	1037.560425	1033.905396	1361.9552	1050.587891	1295.091675	1400.075562	1887.852051	1981.830078	2550.417969	947.006165	1324.951782	1067.883301	1158.153564	1258.993164	1209.081909	1081.937012	1302.51062	1021.492065	550.670166	672.660339	992.933411	818.741943	565.98	493.174	627.154	639.421	1078.044	955.182
14	1704.984375	1075.67395	1003.174622	1486.383423	1008.43689	1039.907471	1344.946411	1055.90332	1262.28418	1361.045532	1864.915527	1950.34021	2525.655518	939.651855	1323.124146	1073.573975	1157.500244	1259.505859	1208.451294	1064.920654	1307.306763	1012.797974	549.423096	669.053345	987.711487	785.789978	552.468	486.011	624.629	628.654	1070.658	945.377
15	1753.175293	1061.159302	1019.722107	1466.059326	999.348206	1023.136719	1328.683716	1070.203125	1233.539795	1312.738159	1901.499634	1952.537964	2565.650146	903.021484	1324.035889	1067.344971	1163.613281	1254.458984	1176.744995	1070.871582	1286.23999	1003.102539	537.175781	664.290039	994.975403	762.054138	549.082	482.968	625.169	629.727	1020.034	921.745
16	1708.421631	1053.801636	1036.376831	1449.403442	1022.209534	1052.997314	1314.712158	1084.70459	1193.706299	1279.637329	1898.553223	1926.272217	2507.625977	902.137207	1319.288208	1048.061768	1150.696167	1239.248657	1148.335083	1072.072998	1262.036865	989.250427	547.804016	654.05835	984.773987	747.122437	542.866	479.111	630.201	625.098	1016.94	902.544
17	1686.476807	1035.628296	1021.092346	1462.825806	1004.904907	1048.258545	1307.771362	1101.468994	1181.135498	1251.949219	1855.759277	1864.289062	2466.80957	894.689636	1285.370972	1026.992065	1136.020752	1218.416504	1131.624878	1055.320312	1238.674927	975.63208	523.7229	630.836914	967.755371	717.403015	537.444	471.867	635.113	630.179	1030.113	915.07
18	1698.475098	1066.978638	1032.480103	1413.850342	1014.935547	1065.686279	1295.497192	1097.744873	1173.335449	1225.733521	1815.182861	1838.809082	2390.525635	891.000366	1252.587646	1006.552551	1119.02478	1207.916016	1103.720703	1046.330078	1260.423584	950.779724	501.408234	622.151489	964.493225	687.634644	537.889	465.77	626.34	619.846	1017.989	913.042
19	1624.799561	1030.981689	998.997192	1378.882812	986.63739	1054.973389	1277.976562	1105.86084	1145.000244	1213.393799	1769.020508	1815.114746	2405.483887	900.122986	1231.742188	987.820618	1107.146118	1200.844849	1135.473389	1050.938965	1266.775757	931.329407	486.521637	604.487915	955.520996	674.038208	530.5	463.434	630.447	611.189	1027.466	915.799
20	1693.76416	1055.52832	998.411072	1411.393799	971.198364	1008.472534	1254.721069	1106.147583	1133.57959	1195.436646	1726.611328	1804.64502	2361.807129	879.559143	1207.546875	983.77594	1101.692993	1186.942261	1144.56897	1063.906616	1273.348267	917.023315	479.131592	591.046997	952.422485	657.750488	528.054	458.547	617.356	605.648	1019.782	900.586
21	1654.373169	1054.487061	981.483337	1396.52002	983.704407	1020.304077	1249.177002	1122.450073	1133.342407	1192.781372	1705.085327	1809.629272	2362.61792	860.368896	1202.424927	973.151001	1089.689209	1178.283325	1136.820557	1058.704956	1295.41272	905.152222	478.388794	573.540039	954.251038	648.982666	525.862	458.518	611.625	599.107	1037.22	912.122
22	1638.9552	1059.459961	948.604187	1399.397705	951.473633	972.61731	1230.408325	1121.182129	1114.885986	1192.47876	1654.972656	1807.796997	2335.912598	854.018005	1168.469238	966.35437	1075.049438	1157.542603	1147.557983	1050.986328	1321.348389	895.347351	476.262817	566.326599	960.431396	663.041748	526.679	456.695	608.354	583.181	1024.704	905.992
23	1685.335205	1092.536865	960.396484	1466.241089	978.463989	989.838745	1207.810547	1111.405273	1100.104858	1195.385864	1610.762695	1787.429443	2340.253662	839.11676	1126.961182	942.148499	1060.921753	1150.294067	1145.029663	1037.971924	1331.795044	883.895691	469.449463	563.952087	950.771301	652.591614	529.71	456.081	596.552	575.279	1035.87	899.265
24	1635.697998	1075.244629	924.145325	1444.859131	949.756714	940.474182	1185.239258	1101.053101	1084.12854	1190.936768	1571.117432	1741.895752	2313.252686	824.632751	1098.775879	928.054749	1032.062134	1131.930542	1136.326782	1020.932983	1339.466187	876.070801	466.086945	551.715454	950.626892	652.525024	529.629	450.747	581.565	565.119	1034.565	905.151
25	1723.706421	1116.223389	961.065796	1451.76355	957.924255	971.549011	1151.960815	1083.90271	1064.009155	1183.227905	1545.482666	1717.231445	2297.668701	823.846252	1087.995361	915.796204	1015.972595	1128.00061	1131.335449	1009.563293	1349.616455	867.880981	453.565369	538.048645	940.926147	639.129028	536.867	457.362	570.608	551.486	1038.614	901.824
26	1670.434448	1092.954712	957.815613	1398.575317	937.375244	922.609375	1129.838745	1072.068359	1044.375854	1183.88562	1501.005493	1680.007202	2383.63501	814.034729	1072.603394	915.533997	988.210693	1142.741821	1135.211914	988.118591	1353.906494	864.735474	447.297668	537.591797	948.470032	641.389771	537.772	461.077	565.591	542.294	1040.733	909.921
27	1707.838379	1125.023315	1010.941101	1430.52124	958.113525	954.954407	1107.443481	1073.90979	1031.763428	1182.043091	1444.792847	1624.132202	2411.997314	806.095581	1078.102783	915.380371	980.492126	1158.493896	1118.332031	972.708496	1354.675537	856.273621	439.407776	533.834351	938.332397	646.482849	552.134	462.16	549.512	537.282	1028.737	901.698
28	1669.494507	1112.201538	1035.158447	1422.064087	964.074341	904.986023	1083.712524	1049.059082	1026.328125	1182.688599	1438.226929	1600.831299	2462.575684	797.006042	1081.812988	922.19812	986.041077	1175.299561	1119.08667	953.335876	1345.441284	843.391113	451.834564	543.665466	946.400146	649.708374	561.223	467.593	550.723	535.514	1026.524	917.711
29	1691.527222	1135.640747	1088.563965	1430.952759	983.442932	942.285522	1081.37854	1047.237549	1036.814087	1186.315552	1396.272095	1561.253296	2481.427979	801.704468	1079.605347	915.921997	1001.941711	1190.644043	1104.893311	943.109802	1337.16687	828.273682	459.731445	531.924622	951.464783	653.41217	563.871	468.082	553.563	536.36	1033.893	906.145
30	1651.853882	1124.017822	1092.124268	1414.77771	989.927063	957.805115	1079.847046	1043.187012	1019.059143	1190.020874	1400.341797	1559.741455	2526.228271	810.427979	1083.367798	923.68866	1004.072937	1202.083374	1092.328125	952.749573	1335.153076	826.630798	464.816315	531.50061	965.553345	654.360046	577.039	472.273	553.152	530.763	1041.32	927.797
31	1641.736328	1135.956909	1111.373657	1369.413818	975.10083	933.095886	1080.481445	1031.791016	996.493408	1202.735474	1407.988525	1573.169067	2549.164062	813.20813	1077.538696	923.667664	1013.004761	1225.52002	1071.697144	945.503662	1337.839722	812.688049	458.374329	539.779602	970.444458	652.881409	581.71	474.286	548.694	529.212	1041.625	927.8
32	1611.365234	1152.929443	1126.073242	1383.434448	1014.243652	940.9151	1091.420166	1054.838745	981.670288	1212.263184	1438.936157	1603.129395	2548.703857	831.010681	1092.148315	933.643433	1035.950195	1221.538696	1065.43457	969.966858	1344.686401	803.01123	458.261444	546.683777	990.098572	681.298218	576.695	473.285	543.339	530.579	1033.214	936.196
33	1600.75708	1138.830566	1082.465454	1352.311157	990.976501	923.636841	1102.12146	1077.172241	986.059937	1202.647095	1414.731201	1611.576538	2477.305908	840.470276	1116.395264	940.280334	1042.053345	1227.152466	1078.981201	975.511414	1344.14502	805.530579	452.328094	556.257751	983.937317	651.252563	576.912	471.327	538.981	524.911	1029.187	924.237
34	1646.404907	1180.476196	1103.962769	1356.093994	1020.504639	929.836426	1110.692017	1093.752075	963.200684	1181.793335	1422.71582	1624.146851	2444.063721	825.333923	1113.125854	939.056946	1036.263062	1195.916016	1071.635986	973.377502	1340.348145	790.669495	456.67923	558.027405	1000.783569	682.872986	581.533	474.623	535.529	519.283	1037.719	943.208
35	1574.384644	1164.703003	1072.570557	1320.441895	1001.851807	924.442871	1099.37915	1089.503296	957.238281	1165.7771	1415.004395	1622.35791	2377.968994	826.62616	1104.136475	933.718323	1021.630615	1190.510986	1067.110352	971.752625	1342.623291	782.721008	448.524536	542.147339	993.297852	691.716675	580.486	477.302	529.997	520.983	1038.387	928.848
36	1629.129639	1175.790283	1064.91687	1309.396484	993.137512	937.6745	1100.646851	1080.73584	949.930969	1149.315186	1399.6875	1617.270874	2316.121826	808.019531	1084.342163	925.007446	1013.947571	1176.591064	1058.601562	957.846802	1355.754272	780.142395	448.281189	538.791016	992.682373	595.274048	587.811	480.335	519.326	517.108	1035.081	938.701
37	1606.281738	1164.170044	1027.641968	1315.284302	982.8255	951.340088	1090.677979	1084.588745	926.91449	1143.62146	1367.186646	1580.098267	2294.258057	804.810974	1079.855713	913.939026	1022.880737	1161.097046	1048.822021	948.92981	1345.282837	781.575317	444.135498	533.716797	989.003357	606.982849	585.868	480.014	504.315	510.561	1029.786	925.787
38	1599.040283	1185.440674	1010.176331	1317.246948	960.255554	927.196777	1077.713501	1081.019043	898.683411	1135.96228	1339.545166	1529.331055	2273.452637	789.484314	1053.61145	898.684631	993.5047	1144.709473	1043.393799	939.190613	1350.567993	776.564148	443.851807	524.55072	982.402466	617.996643	586.76	482.617	489.946	507.354	1034.902	942.11
39	1554.583252	1164.017456	1012.406921	1305.309692	969.655334	954.600769	1083.038696	1045.525269	876.494934	1123.213379	1318.351562	1480.878906	2312.42041	786.25	1051.089233	874.971924	971.160095	1142.983765	1052.716553	920.8255	1329.019165	782.476807	445.719482	528.153503	990.663696	594.87085	593.213	488.497	485.232	507.465	1026.437	942.934
40	1500.777954	1137.833862	971.816528	1226.458374	927.767761	887.279297	1082.323853	1009.391724	850.561279	1098.900391	1316.316895	1453.055908	2341.529541	780.028015	1042.048462	867.243958	953.310913	1144.043945	1035.552002	908.270081	1303.773804	781.202026	436.504822	518.982361	982.271301	568.619568	588.294	487.803	475.191	500.79	1040.376	930.577
41	1462.053833	1149.345093	993.996643	1224.868164	946.273499	877.889282	1083.852295	990.118713	812.211914	1076.452148	1287.325684	1380.211426	2450.638428	774.344177	1023.990845	849.796326	938.370239	1145.829224	1016.051697	888.616882	1268.147095	762.101196	433.91394	512.42749	986.558044	608.595093	594.125	486.715	469.249	500.53	1009.922	922.575
42	1403.635742	1091.511353	969.312256	1139.177124	926.173462	820.635437	1073.177368	969.711426	785.013489	1077.575806	1246.233032	1326.943237	2493.126953	761.684631	1015.406067	839.451843	927.105103	1153.101074	1008.214355	878.719177	1236.216309	764.138733	433.663208	506.625214	985.255737	637.918579	596.508	490.963	476.3	490.008	1015.362	939.351
43	1412.492798	1110.501221	1026.439941	1111.058716	949.766846	814.110352	1054.167236	943.049011	753.984741	1066.471191	1249.682861	1326.853638	2539.493896	754.089783	989.973999	832.055664	922.547119	1170.900513	993.407166	868.527832	1206.654297	752.023438	427.970612	499.754425	987.486206	651.858887	607.32	496.015	482.47	491.967	1021.608	933.369
44	1356.078735	1066.905396	1040.333984	1063.036011	935.981079	785.398621	1032.787598	935.346375	741.571777	1052.381958	1248.395752	1329.233765	2525.585938	749.131531	974.534119	827.722717	929.376892	1181.91626	987.871765	874.149292	1183.822876	738.193604	422.262634	491.924408	991.583069	674.251404	613.221	487.262	489.609	492.724	1022.515	944.85
45	1397.233643	1086.067993	1106.463013	1082.6698	960.343445	785.526672	1021.235229	921.979492	732.545715	1055.196045	1253.831787	1358.80127	2478.344971	743.559143	958.98291	820.966492	945.959839	1191.417847	972.114258	880.675537	1175.228638	725.566162	417.031006	489.793152	988.530518	672.707153	613.95	489.168	499.444	492.344	1014.574	929.926
46	1338.653687	1064.158936	1123.789307	1046.765625	959.251343	789.530029	1003.270142	922.175659	724.216492	1057.030273	1249.945435	1376.808594	2448.375488	741.281555	944.52417	814.559265	960.514893	1193.331543	949.120544	870.929993	1166.772583	711.233337	414.401855	493.703369	995.749146	715.101868	613.038	488.745	502.653	492.245	1029.914	948.112
47	1405.954834	1072.352905	1186.499023	1080.724609	967.105408	789.746521	986.078552	916.070862	732.677551	1062.86145	1260.63855	1403.247314	2386.878906	734.650635	938.236206	825.067932	975.649231	1193.872925	938.845215	876.985657	1171.554565	705.325806	410.895386	497.041534	999.560791	707.537842	606.865	491.034	497.602	489.41	1030.789	945.396
48	1371.91626	1073.006348	1230.610107	1109.302246	998.115479	813.353882	973.577454	915.351807	738.464172	1075.33606	1286.750366	1402.07251	2319.654541	728.312012	927.082336	815.193665	988.095276	1195.178101	944.31311	889.242371	1198.502441	698.046753	411.065033	497.753815	1005.183044	745.241272	611.805	488.711	491.038	488.747	1025.186	946.805
49	1346.657104	1051.692871	1226.162964	1117.272827	983.933899	819.162598	966.500183	938.077209	751.098633	1071.474609	1292.685181	1409.505005	2227.832031	726.938904	941.032043	824.509277	1004.088867	1192.743408	940.615295	914.188843	1223.314575	701.936646	413.773499	517.020203	1018.691895	765.600586	613.076	496.791	499.462	490.573	1018.32	942.151
50	1370.692871	1080.15332	1266.53125	1214.302246	1031.966064	857.576904	973.581299	956.846252	755.197144	1077.133301	1276.636597	1380.362793	2210.791748	729.28772	924.824951	830.181946	1008.285645	1165.76709	955.585999	917.802734	1241.513916	708.878967	414.349731	518.599182	1025.340576	764.314636	614.072	501.561	500.153	490.628	1027.404	957.73
51	1264.650391	1069.848633	1232.871948	1226.918579	1015.668945	869.091675	957.998657	965.05896	750.376709	1046.383179	1244.871582	1337.330322	2186.608154	732.791809	913.057556	839.219177	1003.76825	1134.381592	962.412781	908.414307	1212.741577	709.437134	414.160736	510.017517	1030.273438	747.151306	609.051	507.502	499.882	495.856	1029.757	964.066
52	1270.659424	1084.72937	1215.706543	1253.267578	1019.555786	890.50647	951.464478	966.328125	730.374939	1035.795288	1236.214111	1313.865845	2165.432129	721.838135	884.780029	834.076538	992.095093	1112.470703	958.554993	902.80835	1196.210693	715.262024	413.891541	507.948914	1039.793335	741.515808	605.212	509.553	493.554	495.236	1022.338	965.644
53	1185.668823	1070.044189	1184.540039	1225.517212	996.511841	878.742432	953.724365	983.409485	717.717163	1028.756836	1203.122314	1278.911499	2143.901123	712.125122	868.632507	832.238831	977.494263	1089.614868	958.583374	898.730286	1190.714355	710.666321	403.700531	501.709686	1040.654785	719.498291	594.369	512.223	494.926	501.99	1017.091	967.227
54	1157.05957	1093.941772	1167.019531	1223.452881	1002.755737	878.754333	955.932983	991.632019	702.501465	1018.609619	1197.400635	1256.533081	2128.654053	710.711304	862.169128	835.356018	966.7724	1076.683594	958.791626	896.118347	1169.823486	715.262695	409.800873	498.688354	1033.963013	711.931213	595.958	510.441	485.395	502.625	1003.319	968.707
55	1099.278809	1069.154053	1112.154541	1181.376953	989.158264	866.948914	956.040283	1001.482605	695.531189	1008.660217	1195.605469	1225.476196	2125.365723	705.867554	849.243958	819.259094	958.533508	1047.63501	955.036011	882.326111	1137.93689	715.945374	412.432648	497.719757	1032.091797	707.325745	587.093	508.673	483.137	503.743	1007.44	962.849
56	1063.421265	1047.606567	1070.328735	1125.315552	953.28656	827.449768	956.540833	1007.963318	679.296753	989.619934	1174.660034	1208.268188	2110.741943	698.056885	844.08844	804.539246	940.596069	1035.258667	939.922607	875.920959	1096.933472	708.166199	406.665558	490.951324	1016.576233	696.175659	578.466	502.846	474.973	494.905	985.747	942.686
57	1012.770508	1036.563843	1036.132935	1113.336182	946.381409	824.59082	947.322998	1004.072083	659.3172	977.553467	1169.295654	1174.084351	2068.366211	692.628052	829.585266	792.34668	929.961853	1026.949097	923.737732	866.867004	1075.237305	698.209229	400.55011	482.829254	1012.727844	683.950806	580.843	496.55	480.364	502.647	994.048	950.24
58	959.394287	1005.552124	992.356445	1041.172363	898.18396	795.258606	940.812439	992.631897	653.504822	971.065369	1168.509644	1147.463867	2008.415649	681.751343	814.352478	773.909485	909.796204	1016.865479	904.819458	858.061218	1046.755493	689.128113	396.917877	481.753265	997.872864	673.477051	570.633	488.351	472.862	487.907	979.552	929.971
59	945.788635	983.069214	975.037109	1023.689697	897.085449	811.123291	920.019409	976.683472	643.525269	962.000061	1166.854126	1167.147461	2017.535156	676.451416	799.776062	759.599792	905.005615	1011.829163	886.921692	842.72052	1030.174194	676.296997	390.896851	477.212708	987.554443	673.654907	571.785	489.924	473.68	489.17	972.076	921.479
60	931.996521	943.124695	943.904358	979.477234	875.491943	789.938843	904.522034	953.668091	642.052612	966.550659	1144.436035	1170.157349	1977.824097	673.42511	778.181274	745.887939	902.641663	1004.883545	866.254944	838.23761	1015.310852	660.160095	388.76474	469.743042	964.746033	663.275452	578.467	489.179	476.284	487.572	967.96	913.534
61	998.70166	939.569885	978.661926	980.250488	880.349609	807.423035	885.235413	920.744751	639.276367	982.47406	1162.931641	1205.905762	1976.873291	663.301819	771.884888	732.792725	900.10321	998.555115	855.564636	835.864258	1022.247559	647.197449	383.17923	460.816681	969.573303	658.982239	580.545	486.179	478.793	486.806	967.918	902.997
62	1027.782715	926.35553	994.649231	985.098267	872.592163	809.041748	878.545044	906.633911	648.828369	1004.866333	1166.755981	1207.469604	1940.580933	650.837036	758.743286	729.620544	903.027222	990.795959	840.417847	835.140442	1037.670288	640.937683	378.563171	451.655945	962.642944	663.791016	583.747	486.413	478.664	486.202	976.662	900.277
63	1084.441406	921.617676	1050.837646	1005.726196	866.52832	804.0271	864.283142	887.999756	656.959656	1013.061157	1200.681152	1228.358032	1935.599487	646.659302	761.620483	725.731812	906.825256	977.385498	830.500183	832.923279	1053.87793	634.763916	378.028503	446.784973	960.945068	650.480347	584.453	487.079	484.163	495.871	985.908	896.641
64	1122.204712	914.097656	1106.866455	1034.84729	885.526306	828.188782	853.459778	876.001709	664.246643	1017.825806	1204.884766	1226.315308	1936.715576	645.154663	756.616455	713.963501	901.655396	971.663086	827.045288	841.634277	1063.244385	624.184265	376.476471	449.021545	961.406067	616.688721	584.928	496.171	482.868	496.07	972.114	896.815
65	1153.268188	908.60022	1152.48584	1049.349976	898.46637	828.50946	851.348511	865.425537	674.757141	1031.599365	1247.931763	1259.076782	1932.299072	637.064453	756.68988	717.178772	905.293091	981.13623	826.596252	838.663452	1079.159058	628.268433	378.010498	456.893311	975.636353	623.399597	589.578	501.16	489.175	499.449	994.546	908.241
66	1179.237427	928.169617	1214.871338	1094.933105	942.6297	865.39624	861.8703	881.700806	680.016296	1036.664917	1251.841675	1263.761841	1883.631226	640.465454	779.849854	740.743774	930.926086	990.084656	833.000305	859.421204	1065.941772	628.94397	379.179749	460.213379	980.948669	631.162048	590.888	513.239	486.82	502.44	987.562	913.522
67	1142.0448	930.950378	1240.60791	1119.884644	967.417847	885.407715	875.5578	889.284058	680.942139	1037.59436	1259.470215	1255.131714	1826.370728	651.869324	787.904297	749.628723	938.540833	973.02832	852.589294	862.749695	1050.699951	634.787781	375.195587	460.64325	994.230591	640.763	588.986	513.512	487.617	507.491	991.601	910.791
68	1142.965942	960.437439	1260.416626	1166.87146	1014.055359	911.88678	888.24762	899.149231	666.13031	1016.477051	1217.727417	1246.310791	1812.614258	650.817261	781.59491	743.606567	930.835876	952.038757	852.529602	851.9104	1010.847351	635.831238	381.484436	452.226501	983.88678	629.823608	589.676	527.128	492.088	508.367	1001.021	932.27
69	1090.352539	947.461426	1231.891479	1155.866699	1010.620178	933.253052	902.559875	915.647461	663.969788	1002.36853	1209.723145	1219.187134	1762.557129	656.713928	775.029236	734.154358	913.819397	929.126038	850.019958	847.346619	985.578918	628.024597	374.832581	455.536072	979.593628	629.774353	583.53	530.208	493.412	509.707	1007.149	939.087
70	1077.500244	975.750183	1229.324585	1153.343506	1011.039673	942.640198	903.283691	923.01532	646.415649	991.291565	1211.425781	1214.041016	1728.101074	641.78717	776.730164	732.794434	927.007874	917.559143	839.412109	846.177307	957.28418	627.839111	373.540192	459.527679	975.111206	629.957458	575.245	531.941	488.376	510.669	1007.657	941.31
71	1041.340698	969.813049	1148.47876	1137.601196	1002.427002	966.665649	909.192017	932.146362	632.675293	979.878845	1201.21167	1170.820679	1688.968384	639.137146	774.143311	726.001099	910.924622	900.224548	836.044678	838.988281	927.17157	631.141418	377.160828	462.929077	966.917603	629.790588	571.512	533.155	481.316	510.407	1012.496	928.945
72	998.932434	946.757629	1076.403809	1099.369751	977.532471	934.042053	910.562256	919.160889	624.935669	967.970276	1186.005859	1151.428467	1671.299072	633.096924	760.982178	722.46582	903.938538	880.36676	826.503601	833.7677	893.493591	627.076111	376.528595	460.862244	963.266846	618.278381	557.479	521.326	479.831	510.819	1006.869	935.091
73	987.251709	953.781738	1037.674316	1082.883301	969.969055	947.346802	911.237183	909.308655	606.725647	964.075012	1174.100098	1113.077026	1669.83374	623.941956	753.233887	716.184753	886.77887	877.62616	814.336792	818.564148	872.102722	621.557922	382.701202	452.268921	957.916321	621.071838	553.856	527.933	479.697	511.704	990.264	918.794
74	951.37793	930.80426	983.051575	1055.490112	946.141846	947.797607	909.619019	893.63147	599.055603	959.471436	1168.82666	1117.008789	1695.023438	616.050781	745.190247	705.333191	876.022827	870.172791	806.091431	811.921875	850.858459	607.794739	377.483551	439.880432	932.171631	615.283325	542.804	524.133	479.577	513.64	995.767	924.13
75	964.115906	920.157166	960.568115	1026.015747	917.698059	902.406311	896.986877	868.123962	589.839478	956.30835	1163.343506	1117.64978	1730.858276	612.728882	734.96167	698.213135	852.995972	872.070557	786.322937	793.189209	829.285522	607.066589	379.010651	445.721191	923.153503	614.277649	543.741	513.661	479.453	508.967	975.983	895.512
76	945.427429	889.569153	931.494751	993.007751	888.842896	868.322266	889.855591	844.102234	585.727173	949.575317	1165.272583	1130.327881	1731.019775	604.318481	716.009521	690.288147	837.440369	881.239624	778.925659	780.026917	818.981506	596.442993	371.232391	438.084076	908.911133	609.13385	546.193	510.68	477.575	503.017	973.335	893.726
77	955.559998	857.735596	898.539551	955.918213	858.862549	840.46521	868.009583	816.351013	581.2771	950.050476	1159.795654	1149.025024	1794.769409	593.333313	707.741333	689.429382	829.235352	906.584351	760.126831	769.452942	807.849915	587.552795	375.42984	437.252808	897.935425	604.667297	548.911	505.264	481.068	502.211	957.062	869.865
78	1003.00647	859.491272	926.367676	969.14978	852.091614	842.665955	849.986938	797.599487	588.943542	961.544434	1162.889893	1181.672119	1767.782593	586.322571	704.971497	689.903381	828.534424	919.42688	749.584045	766.986572	820.1875	578.756287	369.019836	431.616058	883.001709	594.440247	553.542	498.743	479.509	500.017	951.452	870.532
79	1031.81311	840.833557	924.203552	970.559143	827.079712	802.291565	842.454224	772.0672	596.655151	962.176208	1174.564209	1219.305786	1786.826904	577.24176	692.542236	682.652222	814.841187	935.614136	742.49707	763.9776	832.540466	576.110962	367.21106	430.68158	861.749146	589.371521	562.379	493.543	480.731	498.747	966.257	880.336
80	1106.120483	849.574463	986.531677	1009.862671	838.464111	801.19342	830.960754	760.999207	601.041687	975.014282	1169.046997	1263.658447	1749.71228	567.872803	686.921997	674.713684	809.153992	971.13031	737.916565	770.584229	827.110779	566.036072	364.714691	431.334076	853.111511	584.963867	572.607	496.934	484.343	498.714	978.65	878.335
81	1131.689331	837.314209	1024.478149	1031.463501	846.997742	816.116089	828.425232	750.890076	602.635864	974.767212	1196.476196	1308.444702	1753.579224	569.519714	687.93158	679.529358	815.898315	986.431763	731.803467	783.995056	829.05481	560.161865	358.705475	430.121185	851.361084	579.016541	585.88	507.9	488.462	503.728	988.772	888.908
82	1144.315186	834.788757	1062.033325	1055.351929	857.763672	838.375916	825.996155	752.861633	607.832458	981.872498	1218.37085	1305.638306	1725.741211	565.39325	690.320435	679.729675	825.903931	1013.058105	728.494934	797.815613	839.470215	553.940491	355.690491	431.234589	853.085144	583.862976	583.801	510.281	494.543	509.45	997.961	880.828
83	1195.328613	865.15033	1125.625122	1106.467041	908.901184	883.656555	831.789551	771.150818	616.805664	990.624512	1245.532959	1339.211304	1714.391479	575.54657	715.62616	695.789673	849.825073	1017.364746	731.614868	824.835815	840.546448	569.170837	362.139221	433.780731	870.144104	590.423584	588.881	521.19	502.698	515.268	1005.544	898.579
84	1191.29248	872.972656	1093.678711	1131.477295	935.945007	904.77063	849.134521	785.853271	622.732483	996.815308	1228.693604	1284.68689	1664.639526	585.500061	718.042236	705.212891	855.656006	1008.631775	751.964233	839.647827	825.06012	573.520935	365.956848	436.263458	879.278381	596.595276	591.12	529.105	511.809	518.91	1007.819	898.631
85	1196.431763	907.001221	1121.623779	1183.00293	986.712097	941.645508	856.513123	798.859436	624.022278	987.512573	1229.633057	1290.536987	1650.318115	585.847046	721.431763	701.910522	847.268616	985.287292	759.206543	833.228027	796.00238	582.105225	367.690521	435.55191	876.793945	587.361755	591.028	542.084	519.886	532.038	1019.74	915.846
86	1154.231567	916.344666	1090.680908	1172.136841	991.18396	958.58905	860.462402	796.125427	617.389282	976.384583	1211.946167	1267.203125	1639.541748	587.480957	708.326111	698.224731	846.336182	976.184509	754.801514	832.091675	783.069336	572.738159	360.276581	434.842102	870.539673	583.967407	585.555	542.141	515.776	531.093	1009.361	908.453
87	1155.053223	931.194458	1073.419556	1163.386597	1001.682922	963.107239	860.419312	814.723022	604.617859	967.173279	1212.140015	1241.515747	1622.717529	568.033081	705.905029	692.285645	841.798279	949.420959	745.344421	823.750244	761.971191	572.764832	361.570557	437.845551	872.741211	583.564392	576.351	549.804	515.464	534.409	1023.595	920.039
88	1091.55835	912.622681	1020.750122	1135.505493	1000.921326	962.58905	865.978394	824.391296	594.952881	956.766113	1195.558228	1217.668457	1605.034302	578.057312	707.547852	704.642395	845.884705	946.468201	741.602844	808.296509	745.121338	572.142395	360.938354	429.116211	867.917542	587.261536	566.885	543.419	514.198	542.56	992.657	903.867
89	1051.944824	925.732056	976.833801	1111.331299	991.168396	964.306091	868.48053	830.039551	594.026062	956.608276	1196.396606	1187.540527	1591.483276	574.427185	707.369141	702.853271	843.006165	934.365601	730.607239	804.104065	720.367432	566.638062	359.225128	426.788696	851.779236	585.144287	557.366	545.775	507.118	543.367	997.373	909.867
90	1004.153076	901.993713	913.655029	1060.372559	966.992554	995.317993	865.18689	836.607056	576.263428	935.934692	1188.880737	1166.772217	1589.004761	567.730835	693.912292	697.572327	828.439819	922.469116	721.071472	790.174927	704.913269	572.024414	367.365112	431.588257	848.702759	582.236267	551.24	540.044	505.466	540.149	973.266	898.278
91	984.30127	895.052307	850.889648	991.334106	938.343201	980.589783	864.469788	825.358643	576.624817	934.641785	1175.428467	1162.261597	1574.895752	561.291992	680.750549	695.364441	823.550598	918.245605	707.597046	776.108459	690.629639	571.325867	363.719513	427.966187	840.325989	576.946655	542.615	534.206	495.789	539.709	965.652	891.071
92	944.04126	866.852051	829.433777	979.878235	931.527344	992.239136	847.087524	820.472534	566.442505	937.026611	1169.943848	1201.415283	1577.995972	555.667236	669.121948	694.018677	825.196838	912.570435	700.028687	759.024231	691.404846	564.438049	360.58786	419.984009	823.632996	571.754395	543.011	530.032	497.251	534.407	955.61	879.514
93	942.341187	852.420288	801.022278	932.686096	892.739746	960.974609	837.351013	807.119568	556.150635	930.817017	1142.126831	1226.110718	1587.507324	551.462646	660.728882	681.936218	807.527771	911.626038	694.923584	753.256348	701.120422	562.803711	359.655884	418.809052	824.78717	567.42865	539.082	516.82	486.465	525.84	960.912	867.516
94	968.623108	851.309082	800.499756	918.194031	881.896484	951.12793	827.543091	784.856445	550.284851	929.397095	1159.810669	1283.464111	1609.189087	542.489075	654.73877	680.345032	796.843872	925.824585	683.519287	751.708313	710.119812	565.218628	357.495239	419.915039	813.192871	564.440613	536.902	506.088	485.796	523.521	950.138	868.055
95	980.798218	833.367981	794.616394	904.04248	861.780029	940.045105	824.846802	770.987305	548.871948	934.810364	1145.736206	1329.934814	1645.946533	543.369568	648.872192	679.453491	788.266235	939.214783	675.117432	750.61969	713.795349	559.284851	353.540283	413.775024	813.678589	562.810913	543.681	509.5	487.08	528.736	958.739	863.656
96	1046.505493	838.426086	810.776001	909.900452	834.569458	932.089905	815.112305	764.02948	550.828979	948.61615	1155.962769	1367.655396	1662.643433	546.200378	647.327271	669.914062	786.047852	958.930481	664.905518	764.163391	717.875854	555.717834	355.12323	412.5336	808.284973	560.414612	549.645	508.886	489.968	518.082	969.828	863.701
97	1058.751465	812.303101	841.423706	938.026489	839.634216	938.592468	816.600098	749.282532	558.487854	951.63916	1168.746094	1387.361694	1658.30481	541.10144	634.412537	666.57251	786.587708	974.653992	663.766418	774.243835	725.979858	549.248413	347.789642	408.080475	810.59137	567.614075	561.592	509.213	490.363	523.494	972.696	857.951
98	1071.027588	800.38739	864.666687	964.621094	827.22406	927.450256	813.923096	732.14386	564.916077	954.554138	1156.897461	1395.21582	1649.252563	545.172119	640.760498	663.770142	805.443604	994.280945	659.922852	793.518799	721.118164	550.511536	345.087189	410.220825	817.306458	572.907166	571.991	506.902	498.549	523.827	972.877	858.993
99	1115.150635	816.896912	903.607239	1011.314636	843.206726	942.252869	816.693542	729.7771	573.840698	965.22406	1185.279785	1411.269409	1664.031616	550.751099	640.048035	668.493713	822.253113	1001.094604	661.32251	802.228027	732.641235	555.714355	344.832306	414.211395	845.257446	589.818176	576.814	509.763	505.573	529.778	990.556	875.434
100	1113.056274	822.220459	922.37439	1045.501099	859.925659	914.765991	823.257019	749.708557	587.436218	963.884399	1168.131226	1391.005493	1633.174316	553.238464	667.298767	684.278442	847.64502	996.090698	653.85907	832.987732	733.547058	568.312988	347.995544	414.062134	844.164185	598.414246	583.298	518.234	518.513	529.828	987.684	870.497
101	1126.062622	842.861877	933.049805	1095.017212	910.226135	941.066528	838.474609	763.162048	594.625122	962.308899	1162.917236	1380.619995	1573.973267	567.37561	668.048584	693.788452	862.828247	978.130554	677.564331	849.603455	726.65094	573.831787	347.373291	422.498749	856.180481	608.844543	588.051	526.087	526.554	534.712	983.498	881.142
102	1092.069946	843.777405	910.629883	1095.546997	901.651123	925.830627	851.543274	786.093262	585.004578	943.632385	1163.442993	1360.721313	1538.549316	576.781067	677.51886	697.469727	861.175842	939.630554	684.463135	841.018982	699.162781	580.343262	349.39386	422.518188	857.508362	600.236816	591.59	529.872	531.153	538.951	979.502	881.292
103	1076.222046	867.6427	922.023438	1101.452393	906.599854	907.237915	851.458862	795.807861	582.806458	933.390564	1162.542969	1325.306763	1462.638184	577.739014	663.068054	701.359131	866.300781	923.656128	677.63208	832.585876	672.29071	575.566406	344.739899	424.280975	857.86615	596.806946	590.003	534.908	534.355	543.543	974.561	878.144
104	1028.814697	867.381775	899.958313	1073.477295	923.044495	907.205811	857.336365	810.046143	584.444885	928.656555	1158.133789	1291.929321	1439.17749	578.26532	664.609802	702.865662	863.475342	912.894653	662.865601	829.581726	659.130615	582.869263	349.398621	422.116638	855.876831	599.472778	578.107	532.185	530.402	547.14	970.7	895.554
105	1016.832275	872.282715	859.43335	1038.261841	909.37262	899.310486	863.622375	818.824829	574.623718	918.767395	1138.997192	1271.556641	1417.3927	576.108032	656.811646	707.778503	858.457642	892.165283	666.312012	816.973694	651.68634	580.810059	347.288666	421.999298	856.297241	593.831177	566.719	527.622	525.211	549.954	965.247	898.663
106	962.665527	848.03656	838.932922	1006.934204	938.347656	915.0755	860.913635	824.347046	569.76123	910.657104	1137.174561	1248.330933	1398.731567	574.834045	656.816101	703.078674	850.412903	875.691162	663.48407	801.633972	635.570374	584.657776	349.490387	419.886627	855.718201	591.26001	562.27	528.412	528.454	547.422	945.025	888.944
107	937.833191	837.63446	820.986816	968.110168	926.23645	903.93811	855.046631	818.287415	549.854187	903.324219	1129.021484	1222.452148	1411.005249	572.990845	654.684753	693.676941	846.246155	860.728333	665.749878	779.582581	623.777466	584.382751	346.670532	413.431824	852.20282	575.998657	547.919	518.214	517.142	538.097	935.372	879.036
108	937.861511	881.405579	1017.725464	948.671021	917.477905	905.139771	851.109924	811.461487	537.186157	897.563843	1128.007324	1184.22168	1415.977539	571.273682	644.562378	689.330872	827.04834	847.623657	660.009216	769.04541	626.177063	582.987183	351.441925	412.772644	837.595032	574.083923	542.605	514.545	512.534	535.572	939.29	882.164
109	911.112976	896.901978	974.845459	900.159058	886.84613	889.565125	835.996826	791.674683	526.748962	901.839905	1131.094482	1197.817749	1478.60791	571.268066	646.892883	693.383789	818.691406	846.560181	655.797729	759.833557	628.603577	577.63739	341.850037	410.115631	834.449036	559.117493	525.729	499.921	502.775	528.927	935.95	868.447
110	921.457581	941.076599	943.90271	864.437561	853.353271	846.038208	829.022278	779.307068	524.423218	906.624939	1117.449463	1184.767334	1499.723755	565.130127	642.16803	678.436707	803.661865	848.062866	648.823608	737.007263	633.981873	576.650635	347.227539	411.714081	825.630676	561.777405	531.921	495.506	500.169	526.775	922.969	867.017
111	919.675354	968.121948	917.058655	849.145447	852.668396	856.044373	822.909363	762.845764	526.473877	914.750916	1132.071777	1219.000854	1546.243652	563.998047	635.01532	673.356567	804.184082	851.07782	639.641846	735.861511	647.826904	570.472595	349.405853	410.08313	836.25293	567.805603	529.046	489.79	493.799	525.301	918.463	860.638
112	934.053894	944.502075	886.417847	828.394043	825.270874	830.141357	815.180786	755.782654	527.265808	930.318481	1122.202759	1229.078125	1546.596558	563.841675	632.992737	670.719666	795.011536	863.240356	635.016418	734.423401	666.141846	568.619507	342.688904	401.908325	827.607483	565.318665	532.461	484.414	493.102	526.238	925.5	849.954
113	933.213257	964.533569	908.429443	857.402039	827.968445	834.071106	793.663269	737.074158	534.678223	943.446106	1159.122314	1274.797119	1535.044189	556.760559	629.408142	657.551697	794.767212	893.541992	635.986572	749.081909	695.086853	568.248108	345.451813	400.597076	825.796265	564.634155	534.998	482.557	494.46	521.953	925.764	854.156
114	936.007019	959.204102	914.105957	867.328003	806.005737	805.296997	790.123596	731.324768	549.673584	975.359436	1161.707642	1312.734009	1541.132812	555.891357	628.490723	661.327393	798.460022	913.974548	634.258118	751.830566	708.937988	565.691345	341.567871	397.898407	826.48877	566.867493	539.263	488.66	500.326	529.615	934.139	856.072
115	963.966064	982.86969	946.243591	884.808533	815.78064	820.915222	782.900391	732.767578	560.276917	990.771057	1194.109619	1338.118042	1490.211548	561.483887	621.389404	656.135315	801.49585	930.061218	632.075928	757.242126	718.029602	570.083679	342.566101	396.320801	828.126038	571.28009	545.154	485.292	496.295	527.322	933.123	866.276
116	958.628357	979.135803	959.646851	895.811096	820.077026	826.362061	779.576233	725.650757	575.631592	1001.288208	1203.276123	1367.800049	1480.127319	561.587708	623.784485	667.134399	821.417175	950.515625	632.255676	775.528503	733.151855	574.519043	344.419464	397.210419	847.349426	583.417114	551.052	483.985	509.176	534.693	930.42	882
117	986.835938	1018.610962	1006.184998	921.600647	852.244263	854.131836	790.022278	737.843994	594.548218	997.682556	1203.771851	1359.810791	1413.335205	571.42395	651.628296	680.988037	849.225769	961.092834	638.741272	788.857544	733.112854	590.741577	347.194977	404.860962	854.768372	586.01886	554.732	497.807	510.77	543.175	939.029	893.961
118	974.115662	1023.004456	1021.510559	928.541504	877.084961	868.822937	809.164368	744.810547	598.749878	987.291382	1197.309814	1366.774536	1382.677368	584.151611	651.116394	684.123047	865.29657	955.06012	652.112854	798.598145	723.884094	589.385376	344.774872	399.886963	852.616211	581.447876	551.492	502.459	516.698	548.883	930.166	894.987
119	1002.905029	1064.427979	1063.519531	955.882263	901.402405	899.639771	823.948547	750.165894	593.571411	976.878845	1183.793091	1323.327881	1330.866455	588.302979	654.455688	692.398682	860.541016	929.627625	657.411865	777.246094	692.095703	591.365295	339.84967	394.072784	850.855713	570.636169	539.261	500.194	517.712	548.063	931.289	909.472
120	972.975952	1056.909424	1039.226685	934.085876	897.10437	896.020264	817.427734	739.358643	579.906006	956.850525	1187.605835	1319.647461	1321.568848	585.238098	642.495178	692.752319	856.509094	917.846863	657.193787	779.035583	678.307983	585.0271	337.675323	393.221039	857.180969	566.163269	534.075	507.547	523.064	550.866	922.817	912.093
121	972.390259	1077.204834	938.415649	913.954285	891.387268	896.268799	824.434814	744.537415	570.64856	951.272522	1180.098633	1281.248047	1308.025635	573.940918	635.394836	690.296387	848.477661	893.776001	649.541565	775.059326	666.030823	592.026184	335.211517	385.831421	845.355896	553.849121	527.933	509.408	527.558	556.49	927.317	923.709
122	935.357727	1048.851807	929.883484	881.216614	894.428772	923.595337	833.013672	748.064148	562.985046	937.943542	1182.108521	1251.241699	1271.486084	582.164429	638.884094	698.623596	847.022705	879.75708	649.872803	770.777893	655.011353	586.27179	336.696198	383.795258	832.507751	551.696777	513.975	503.765	522.633	552.409	914.051	916.445
123	931.117859	1026.614258	908.453552	844.26532	878.686951	891.989624	838.19104	748.406738	553.635193	933.167725	1181.917725	1233.372437	1310.820435	575.667053	636.84375	692.358093	836.61261	858.5802	648.083374	768.800293	649.314392	581.505005	329.66333	380.737793	831.393616	540.797546	501.441	499.196	516.914	553.747	918.021	911.876
124	906.191101	1013.626648	921.216675	829.53125	886.479614	885.949646	837.260498	743.700623	541.241211	912.807922	1167.981812	1189.342285	1314.511963	578.729492	628.240906	693.571228	826.018799	844.719238	638.585266	752.625427	644.93042	579.078979	331.699554	380.06955	824.125549	533.507751	502.946	495.268	517.922	550.934	901.032	902.498
125	876.253052	987.561951	921.712036	799.187927	870.753662	876.249939	834.700378	731.889893	531.844727	910.556458	1183.357056	1183.750366	1345.406372	575.070923	629.448059	703.46228	812.665283	826.448975	639.592712	735.909363	642.310547	566.637634	323.712738	369.084015	807.574707	523.40387	497.726	489.444	508.546	552.486	896.416	891.079
126	880.388306	997.611267	920.848694	722.415222	869.074463	864.043213	826.644409	732.776855	527.97644	922.264648	1167.27002	1159.995239	1355.164795	570.921753	624.002014	713.431335	802.631897	815.611328	631.180847	715.515625	645.933899	566.32312	328.123932	368.054871	803.115295	520.315247	495.032	483.637	505.488	546.18	881.393	880.59
127	854.2146	961.088867	890.576843	702.059082	834.385376	846.528259	818.103577	716.3078	518.972229	921.768738	1183.620117	1185.436035	1366.056519	566.427246	617.285461	701.644897	787.671997	827.207092	621.226624	710.413513	661.306152	561.331177	323.390472	368.564484	800.223999	519.313171	483.582	474.845	497.017	540.404	883.461	877.146
128	887.912048	974.683655	909.768066	708.672119	834.303467	846.030518	795.982361	706.70105	521.778381	926.460754	1192.479248	1215.133545	1381.359009	565.99762	624.368774	705.630859	784.427795	852.558777	618.216064	684.897705	669.702148	553.281677	321.815186	365.665985	794.397217	513.031433	498.698	475.642	491.535	540.14	883.146	859.632