TIME	20170615_W07	20170615_W08	20170615_W09	20170615_W10	20170615_W11	20170615_W12	20170616_W02	20170616_W03	20170616_W04	20170616_W05	20170616_W06	20170626_W07	20170626_W08	20170626_W09	20170626_W10	20170626_W11	20170626_W12	20170630_W07	20170630_W09	20170630_W10
0	1514.626	1370.677	1535.626	1235.991	1487.938	1278.608	1269.822	1130.549	1746.414	1253.828	1382.331	1145.205	1131.927	1160.583	1289.802	1142.931	1139.806	1452.586	1281.392	1263.947
1	1519.988	1349.724	1531.836	1246.219	1499.79	1285.681	1268.797	1139.32	1787.422	1269.011	1393.705	1159.22	1133.419	1165.587	1320.453	1153.226	1130.606	1532.268	1321.094	1279.55
2	1548.777	1343.1	1533.667	1248.898	1529.298	1309.794	1281.144	1140.614	1795.81	1274.451	1395.426	1176.906	1131.526	1170.071	1357.812	1160.924	1130.48	1609.71	1338.857	1295.743
3	1587.275	1351.944	1548.573	1277.978	1559.174	1337.181	1287.69	1135.768	1787.699	1280.742	1393.689	1221.412	1145.248	1179.202	1414.503	1177.76	1130.543	1683.792	1334.616	1314.989
4	1602.496	1356.733	1564.975	1287.414	1580.314	1358.577	1301.231	1128.598	1779.956	1277.683	1397.945	1247.653	1147.255	1189.078	1464.421	1191.007	1132.646	1754.717	1338.863	1351.484
5	1640.313	1358.269	1609.135	1302.503	1599.831	1378.92	1336.175	1116.05	1786.686	1267.576	1398.468	1297.365	1167.126	1209.566	1519.615	1207.26	1133.842	1839.548	1353.083	1400.96
6	1655.723	1356.484	1647.88	1327.186	1622.309	1405.293	1385.426	1121.189	1801.887	1273.479	1399.737	1325.153	1179.111	1226.052	1566.199	1221.248	1142.572	1913.604	1354.889	1462.157
7	1661.32	1355.538	1698.846	1339.112	1646.686	1425.871	1408.353	1118.641	1820.693	1259.899	1391.75	1357.355	1200.777	1240.094	1611.969	1231.728	1153.26	1976.426	1364.839	1516.804
8	1674.713	1352.858	1772.642	1355.806	1675.216	1448.124	1446.492	1125.689	1881.533	1257.996	1393.098	1364.86	1219.227	1257.12	1647.504	1240.882	1157.881	2011.654	1362.105	1550.721
9	1712.012	1360.73	1841.484	1381.229	1694.256	1469.369	1473.416	1129.593	1939.659	1251.569	1391.657	1383.833	1249.443	1269.964	1673.699	1254.295	1169.907	2024.157	1354.512	1574.335
10	1747.547	1367.931	1910.854	1394.571	1728.194	1507.068	1481.97	1132.295	2021.094	1253.643	1395.695	1389.88	1275.168	1293.919	1702.401	1259.841	1191.245	2025.351	1361.96	1589.65
11	1779.529	1380.47	1969.482	1414.312	1761.392	1515.58	1502.83	1151.016	2107.249	1277.672	1404.463	1403.235	1287.185	1305.239	1724.524	1273.915	1201.096	2012.66	1369.378	1611.85
12	1811.803	1401.846	2002.7	1434.5	1795.954	1551.487	1495.502	1143.905	2157.498	1277.15	1413.525	1396.981	1296.476	1317.887	1730.992	1279.153	1211.816	1986.757	1396.149	1609.96
13	1823.122	1419.391	2004.715	1444.459	1817.111	1578.68	1485.338	1137.839	2180.107	1285.926	1419.823	1407.693	1306.252	1326.554	1756.049	1290.593	1228.5	1981.976	1407.595	1586.73
14	1833.906	1448.08	1999.746	1452.673	1815.492	1610.077	1465.965	1131.85	2173.423	1294.694	1425.402	1409.583	1305.458	1332.913	1788.193	1283.462	1230.491	2002.941	1421.547	1595.733
15	1851.719	1483.247	1991.527	1469.69	1838.181	1647.7	1453.267	1122.061	2172.145	1302.38	1448.075	1430.717	1305.081	1337.723	1848.396	1303.293	1244.305	2047.531	1448.237	1600.506
16	1868.296	1526.77	1981.243	1485.607	1842.748	1695.25	1453.143	1115.429	2136.251	1299.77	1435.988	1455.734	1306.829	1340.141	1918.999	1307.592	1262.952	2123.312	1469.964	1620.667
17	1890.656	1577.914	1972.431	1514.465	1859.054	1741.827	1457.634	1115.253	2105.965	1291.289	1446.083	1473.929	1305.167	1353.361	2006.522	1321.256	1265.588	2210.016	1483.849	1660.743
18	1900.641	1615.941	1961.969	1545.662	1867.552	1789.354	1487.237	1107.499	2070.605	1284.603	1428.484	1527.775	1314.247	1366.4	2092.513	1339.001	1273.32	2308.005	1494.243	1698.404
19	1912.044	1651.306	1974.136	1578.003	1862.466	1836.866	1521.563	1112.593	2050.679	1273.785	1426.195	1551.048	1318.46	1380.64	2171.438	1352.62	1277.194	2376.808	1491.565	1768.574
20	1930.092	1676.9	1995.097	1622.44	1883.615	1885.554	1542.761	1110.521	2039.627	1254.599	1408.917	1565.875	1334.648	1402.947	2233.587	1367.096	1278.998	2456.397	1495.9	1845.759
21	1938.677	1706.691	2041.811	1673.25	1887.3	1935.489	1575.678	1110.421	2077.627	1237.384	1393.411	1575.904	1357.161	1425.874	2286.931	1383.219	1289.314	2488.639	1503.492	1944.348
22	1966.145	1719.705	2090.714	1722.469	1885.603	1991.898	1604.101	1118.778	2142.446	1222.866	1382.557	1579.425	1390.847	1442.735	2316.405	1404.851	1291.062	2505.88	1501.621	2018.407
23	1987.62	1731.292	2170.766	1777.284	1918.944	2053.892	1618.175	1129.4	2243.24	1216.12	1371.63	1585.477	1421.993	1461.261	2324.933	1426.043	1309.823	2501.112	1521.585	2094.483
24	2029.164	1757.873	2228.507	1828.339	1942.927	2098.339	1624.394	1139.45	2358.186	1228.063	1383.213	1559.581	1449.014	1476.518	2319.136	1442.768	1323.389	2480.379	1537.933	2141.741
25	2068.216	1767.018	2267.534	1872.244	1959.231	2143.939	1605.926	1141.088	2454.569	1237.038	1400.009	1554.146	1467.885	1492.129	2312.849	1458.321	1346.984	2444.936	1554.966	2163.765
26	2098.301	1810.209	2283.834	1911.892	1970.552	2189.157	1591.961	1139.467	2508.591	1254.459	1421.509	1547.115	1483.645	1504.149	2269.851	1455.798	1369.768	2394.161	1582.132	2171.571
27	2128.976	1864.686	2285.309	1953.666	1969.63	2228.493	1579.327	1132.006	2546.986	1273.662	1439.165	1548.939	1487.404	1506.9	2248.252	1465.437	1406.607	2372.784	1609.51	2182.404
28	2127.974	1928.567	2277.909	1986.775	1971.382	2263.642	1568.23	1139.266	2559.595	1296.272	1468.575	1570.637	1481.074	1506.367	2242.298	1470.445	1449.461	2366.966	1629.658	2182.687
29	2141.064	2017.632	2271.898	2008.969	1981.333	2306.658	1557.063	1142.616	2551.664	1315.232	1489.319	1594.019	1473.437	1504.164	2247.535	1453.046	1484.609	2416.886	1660.164	2181.355
30	2149.289	2109.761	2251.478	2027.111	1981.831	2348.375	1564.065	1136.935	2508.132	1327.119	1509.64	1618.472	1462.748	1499.27	2265.398	1450.063	1509.238	2492.123	1681.741	2198.114
31	2144.415	2178.619	2218.077	2037.455	1983.746	2376.976	1589.609	1153.863	2455.745	1326.69	1514.289	1673.662	1464.752	1506.995	2319.127	1457.205	1542.95	2578.83	1710.406	2237.344
32	2132.123	2236.891	2203.833	2053.891	2001.846	2444.316	1619.472	1149.034	2397.385	1314.639	1510.424	1718.783	1458.783	1509.117	2398.272	1481.768	1566.499	2672.365	1722.386	2290.304
33	2143.609	2269.951	2202.075	2063.485	2041.266	2528.981	1663.662	1171.478	2375.914	1317.809	1519.617	1748.713	1453.556	1521.305	2489.515	1510.079	1578.611	2780.398	1734.295	2403.295
34	2182.011	2308.224	2238.865	2127.571	2098.367	2621.648	1724.918	1196.282	2405.76	1303.266	1515.195	1789.021	1474.7	1552.383	2572.49	1559.713	1594.674	2879.267	1740.419	2513.514
35	2256.93	2305.013	2282.933	2194.162	2146.887	2702.979	1800.16	1212.791	2485.368	1284.215	1513.432	1806.295	1493.095	1592.949	2628.556	1620.769	1595.885	2936.067	1757.751	2632.108
36	2369.465	2318.798	2372.086	2289.366	2228.27	2823.787	1870.538	1237.429	2596.997	1275.164	1530.458	1803.731	1544.742	1644.092	2687	1691.329	1608.793	2957.333	1770.432	2772.089
37	2523.866	2331.936	2473.675	2381.463	2288.501	2902.015	1956.285	1265.841	2764.702	1277.527	1562.009	1849.445	1598.97	1689.371	2713.675	1776.33	1635.928	2966.061	1806.318	2887.506
38	2657.137	2340.916	2556.506	2477.636	2357.297	2977.079	2022.185	1284.014	2923.048	1286.765	1623.316	1837.499	1667.728	1741.798	2712.363	1830.199	1651.462	2916.003	1827.11	2971.713
39	2783.528	2379.245	2638.883	2552.405	2414.848	3057.541	2071.18	1289.225	3061.274	1299.712	1666.474	1820.267	1716.26	1757.331	2703.08	1873.068	1680.165	2864.083	1847.938	3022.316
40	2868.427	2449.569	2705.73	2605.947	2446.586	3099.668	2072.594	1293.64	3144.931	1314.66	1710.634	1814.725	1761.419	1774.116	2692.48	1895.448	1716.578	2800.68	1878.351	3064.618
41	2932.781	2520.82	2746.937	2633.754	2464.552	3130.099	2087.143	1306.861	3192.299	1351.807	1751.385	1801.231	1792.253	1766.902	2663.583	1910.427	1769.406	2731.595	1906.742	3065.089
42	2941.443	2620.87	2758.464	2628.331	2452.938	3129.708	2074.272	1307.48	3169.606	1376.884	1776.226	1793.194	1818.287	1773.267	2620.81	1900.188	1818.821	2679.559	1927.296	3068.815
43	2938.261	2704.505	2751.279	2623.626	2435.979	3134.369	2057.224	1314.631	3123.345	1402.999	1781.641	1809.098	1819.742	1768.526	2607.37	1886.099	1857.976	2657.452	1939.457	3074.146
44	2893.101	2762.406	2711.537	2607.221	2409.314	3131.249	2026.743	1320.796	3044.12	1411.475	1770.467	1805.63	1807.561	1734.745	2605.377	1857.561	1886.336	2668.786	1960.83	3084.832
45	2823.23	2815.25	2658.164	2558.155	2392.046	3106.397	2005.146	1335.332	2980.005	1412.208	1745.341	1814.19	1784.173	1715.583	2609.635	1831.708	1920.581	2717.845	1979.687	3121.785
46	2758.245	2855.102	2622.557	2536.77	2395.896	3140.823	1981.427	1355.728	2897.56	1412.272	1729.3	1799.664	1752.293	1696.907	2670.878	1798.594	1935.871	2803.928	1995.488	3167.077
47	2716.498	2875.491	2605.55	2513.953	2431.582	3212.263	1975.991	1387.385	2844.77	1396.8	1708.222	1828.298	1740.309	1697.418	2759.658	1806.552	1937.51	2937.884	2032.756	3227.261
48	2683.118	2908.321	2586.834	2513.067	2503.745	3343.928	1988.312	1418.699	2842.389	1399.962	1702.42	1842.544	1733.106	1714.234	2864.663	1804.422	1931.543	3077.305	2078.406	3332.285
49	2674.566	2905.777	2614.696	2573.515	2621.723	3501.234	2027.64	1461.3	2923.57	1390.609	1722.888	1883.305	1738.936	1766.517	2974.508	1846.221	1928.123	3212.29	2142.089	3447.621
50	2738.092	2906.623	2683.572	2657.801	2739.281	3727.295	2103.032	1520.521	3065.841	1408.942	1771.66	1905.702	1782.167	1825.64	3078.214	1921.189	1915.364	3323.252	2196.486	3561.782
51	2856.096	2930.086	2773.432	2768.751	2885.828	3941.055	2174.443	1559.131	3253.733	1417.245	1840.831	1969.339	1848.869	1922.201	3161.891	2008.988	1916.55	3411.605	2246.593	3703.787
52	3022.862	2960.929	2866.936	2870.872	2988.799	4132.011	2249.236	1593.824	3448.702	1433.813	1931.911	2000.108	1935.79	1995.07	3214.988	2088.711	1910.814	3459.165	2288.802	3812.259
53	3179.899	3009.291	2974.08	2979.073	3060.766	4265.708	2311.787	1607.765	3637.379	1460.403	1990.407	2027.535	2024.041	2053.37	3238.543	2159.688	1919.557	3449.484	2341.072	3931.346
54	3339.645	3066.699	3064.033	3063.33	3098.089	4355.314	2352.504	1624.97	3751.821	1484.477	2054.897	2046.259	2113.367	2110.279	3236.217	2214.614	1940.376	3394.28	2364.991	4009.73
55	3439.692	3112.91	3132.239	3126.244	3094.238	4370.442	2355.318	1626.262	3805.651	1517.564	2077.279	2070.632	2205.03	2116.895	3198.264	2234.926	1954.224	3348.036	2388.297	4049.661
56	3491.29	3149.799	3153.9	3146.409	3040.906	4349.356	2354.977	1620.609	3792.106	1550.098	2099.781	2088.908	2227.172	2118.906	3145.405	2230.33	1995.581	3254.438	2392.356	4093.219
57	3498.112	3188.789	3165.442	3110.707	2972.252	4236.152	2317.974	1619.887	3744.508	1556.431	2087.809	2096.257	2251.033	2097.969	3089.636	2217.462	2034.576	3180.859	2404.815	4056.529
58	3449.032	3176.695	3161.813	3068.673	2874.292	4154.912	2270.157	1609.151	3642.824	1556.702	2048.272	2046.238	2207.368	2057.156	3031.119	2198.373	2057.651	3096.67	2381.814	4026.381
59	3371.847	3165.819	3091.021	2994.732	2806.034	4034.296	2229.023	1620.056	3539.252	1562.927	2004.472	2037.457	2169.193	2000.951	3017.742	2159.909	2073.237	3048.888	2379.885	3986.015
60	3264.775	3136.298	3047.48	2916.315	2756.949	3933.72	2185.64	1634.518	3431.307	1563.745	1955.667	2039.427	2129.288	1969.786	3021.635	2125.139	2083.237	3037.344	2369.865	3962.554
61	3149.347	3143.077	3007.269	2858.22	2744.927	3913.909	2149.919	1666.61	3336.064	1562.252	1914.731	2018.587	2104.999	1914.838	3076.063	2092.687	2086.421	3103.848	2393.547	3999.482
62	3077.459	3156.259	2996.359	2848.039	2773.128	3953.215	2137.373	1706.133	3319.245	1557.343	1893.602	2011.457	2069.309	1909.248	3144.814	2070.965	2097.489	3230.608	2421.611	4046.976
63	3020.928	3195.934	3019.083	2880.257	2861.405	4099.551	2150.986	1760.496	3371.174	1569.127	1918.286	2031.59	2057.257	1922.71	3300.408	2078.774	2079.965	3434.648	2459.728	4130.307
64	2977.884	3264.457	3071.006	2980.33	2973.694	4304.868	2177.143	1807.986	3506.147	1581.958	1969.471	2047.725	2061.312	1973	3465.942	2093.297	2069.881	3674.706	2515.336	4206.592
65	3006.629	3350.812	3142.164	3105.396	3060.159	4531.544	2234.921	1837.574	3700.221	1609.73	2088.858	2107.551	2095.714	2063.282	3625.164	2115.94	2070.82	3897.478	2543.105	4285.299
66	3028.655	3402.328	3238.706	3219.747	3129.714	4708.982	2295.476	1861.886	3952.935	1637.097	2215.5	2161.386	2134.703	2184.849	3723.202	2155.265	2061.791	4056.958	2592.953	4377.083
67	3049.123	3431.2	3323.446	3359.27	3154.507	4794.762	2362.107	1870.543	4154.571	1664.845	2340.417	2223.544	2193.026	2307.534	3805.111	2182.297	2062.479	4168.424	2600.175	4444.801
68	3074.398	3421.051	3398.806	3449.196	3156.735	4843.251	2431.656	1861.698	4345.245	1683.524	2436.659	2284.175	2239.995	2388.914	3819.891	2201.294	2070.175	4229.071	2592.97	4436.615
69	3097.859	3373.47	3437.95	3489.519	3109.002	4787.263	2455.939	1847.835	4478.012	1716.046	2504.167	2325.378	2276.411	2442.529	3790.115	2214.708	2083.065	4186.929	2571.327	4451.113
70	3084.47	3296.689	3425.384	3504.61	3035.046	4712.973	2467.04	1822.639	4527.028	1720.49	2528.2	2322.087	2286.084	2462.481	3724.135	2208.71	2106.452	4116.476	2559.554	4409.614
71	3045.71	3201.375	3407.472	3494.487	2955.421	4613.716	2445.535	1796.752	4488.096	1714.79	2509.958	2339.296	2268.207	2441.435	3624.731	2174.535	2129.727	4014.069	2542.921	4359.368
72	3017.179	3106.552	3369.106	3457.327	2885.312	4518.083	2429.049	1786.068	4456.887	1704.384	2472.689	2301.968	2217.366	2420.156	3522.639	2151.079	2163.175	3894.16	2545.772	4285.85
73	2995.437	3032.002	3295.032	3408.796	2814.873	4421.916	2390.688	1769.53	4360.13	1705.5	2421.561	2282.249	2194.306	2375.959	3447.952	2107.781	2193.511	3768.523	2539.874	4213.393
74	2960.451	2977.002	3241.733	3354.106	2766.519	4351.038	2345.961	1775.887	4269.632	1699.534	2366.094	2267.862	2138.96	2310.935	3390.569	2079.269	2232.417	3674.45	2541.24	4175.939
75	2946.408	2947.059	3212.033	3291.062	2738.407	4343.095	2320.868	1800.854	4174.709	1697.76	2340.791	2223.302	2106.167	2264.58	3368.171	2048.804	2261.593	3658.107	2586.784	4141.077
76	2942.867	2987.065	3206.647	3292.085	2729.571	4347.851	2318.056	1861.936	4157.699	1739.05	2337.99	2212.2	2093.068	2230.929	3404.996	2021.275	2285.949	3726.659	2595.236	4158.566
77	2973.141	3081.187	3237.116	3343.98	2775.567	4450.511	2322.745	1907.261	4214.771	1769.28	2312.028	2208.633	2075.381	2236.845	3530.975	2002.951	2307.383	3875.554	2610.972	4191.731
78	3024.669	3246.958	3256.51	3412.923	2804.668	4619.445	2332.706	1947.885	4342.36	1828.505	2328.75	2219.263	2089.687	2278.74	3697.922	1986.999	2301.114	4083.863	2629.719	4216.989
79	3072.194	3477.244	3307.634	3519.656	2880.66	4839.28	2363.432	1983.742	4533.671	1888.731	2382.818	2249.602	2097.218	2323.917	3863.057	1975.495	2299.917	4309.973	2636.092	4264.626
80	3150.694	3681.68	3391.708	3661.403	2934.988	4958.085	2393.593	2013.371	4767.242	1960.67	2429.27	2293.704	2117.623	2379.839	3980.244	1962.139	2297.156	4503.64	2641.795	4293.004
81	3183.769	3845.077	3429.585	3744.681	2972.523	5081.094	2428.205	2016.13	4942.043	2009.122	2497.831	2348.419	2143.46	2441.77	4064.389	1953.523	2297.823	4603.463	2606.531	4295.109
82	3196.342	3914.874	3453.008	3819.967	2974.131	5126.87	2435.764	2007.807	5113.986	2028.484	2544.312	2388.125	2161.488	2469.138	4072.475	1946.845	2304.137	4655.81	2561.093	4281.598
83	3175.327	3924.196	3445.912	3844.718	2959.333	5136.606	2437.118	1987.233	5230.276	2043.51	2553.191	2366.059	2166.873	2480.413	4038.459	1942.283	2288.178	4622.297	2542.826	4279.432
84	3127.056	3877.066	3406.746	3829.752	2916.932	5077.504	2412.663	1956.159	5303.078	2033.361	2542.476	2390.852	2135.681	2472.819	3975.611	1932.269	2287.914	4557.064	2503.482	4231.511
85	3086.016	3765.8	3348.51	3813.834	2862.619	4998.077	2383.375	1930.404	5299.72	2023.263	2524.269	2397.546	2124.66	2450.342	3903.146	1910.823	2297.149	4439.493	2481.283	4171.83
86	3022.759	3647.469	3268.7	3773.146	2809.509	4921.875	2350.637	1902.596	5244.476	1991.101	2518.096	2374.012	2092.92	2409.21	3787.541	1888.988	2321.777	4291.493	2455.139	4109.859
87	2967.031	3532.189	3195.725	3742.811	2770.373	4869.694	2322.009	1884.23	5179.939	1977.686	2463.316	2370.842	2068.47	2380.82	3680.048	1879.971	2363.914	4166.112	2443.241	4036.346
88	2929.156	3461.206	3134.857	3737.924	2735.965	4773.355	2283.771	1899.815	5119.295	1968.952	2433.99	2350.945	2020.966	2337.968	3586.052	1862.277	2394.532	4073.44	2455.536	3979.859
89	2943.879	3455.323	3115.398	3767.773	2715.782	4785.526	2268.721	1924.738	5079.453	1979.88	2416.242	2322.044	1999.493	2302.845	3510.913	1846.265	2437.342	4024.337	2464.567	3974.313
90	2961.708	3488.301	3107.687	3807.048	2714.64	4790.76	2259.46	1973.586	5126.528	2027.625	2421.079	2324.032	1975.747	2305.791	3502.443	1833.278	2486.646	4033.263	2460.975	3959.797
91	3009.429	3614.616	3117.028	3891.164	2721.444	4820.998	2252.506	2038.061	5152.872	2090.943	2439.448	2312.47	1968.748	2309.045	3506.613	1823.41	2512.054	4137.52	2453.702	3970.793
92	3052.37	3767.706	3145.076	3967.524	2726.473	4852.423	2248.996	2088.083	5258.911	2160.597	2476.789	2288.716	1954.356	2313.096	3556.281	1812.125	2531.705	4257.153	2455.976	3988.175
93	3068.11	3927.227	3161.453	4034.486	2719.473	4895.538	2247.804	2132.519	5361.15	2217.069	2515.299	2307.991	1956.824	2349.506	3615.707	1807.376	2522.755	4393.338	2448.585	4019.774
94	3109.593	4068.371	3161.842	4081.187	2709.126	4908.177	2247.406	2164.308	5484.543	2287.647	2546.282	2309.016	1971.072	2359.293	3656.563	1808.88	2532.556	4463.87	2413.773	4030.578
95	3103.151	4117.068	3158.7	4100.002	2676.052	4853.77	2236.013	2173.052	5523.965	2319.054	2552.975	2342.334	1973.566	2363.917	3654.279	1804.534	2502.012	4504.938	2386.41	4030.163
96	3081.866	4137.213	3128.117	4039.364	2630.736	4810.275	2206.057	2146.722	5559.093	2348.973	2540.85	2310.261	1953.421	2349.104	3639.146	1787.733	2448.156	4479.307	2345.365	4012.865
97	3033.59	4108.321	3072.898	3969.75	2574.47	4726.235	2184.003	2113.355	5552.009	2355.945	2542.026	2301.783	1946.156	2351.526	3606.031	1783.557	2435.39	4416.14	2292.874	3977.064
98	2985.889	3991.809	3022.518	3893.766	2519.686	4630.916	2156.814	2080.803	5531.727	2347.164	2511.328	2311.024	1933.679	2331.879	3563.18	1788.305	2430.311	4293.609	2262.835	3929.158
99	2915.886	3893.655	2941.262	3799.594	2482.539	4509.037	2107.587	2048.188	5475.016	2338.876	2470.875	2277.901	1905.277	2276.782	3498.756	1765.109	2418.701	4195.16	2213.58	3883.618
100	2856.775	3777.101	2866.429	3723.973	2429.792	4406.15	2075.644	2022.242	5443.451	2321.368	2444.346	2259.745	1876.617	2243.841	3418.535	1754.646	2427.948	4072.272	2202.32	3831.49
101	2802.029	3670.63	2807.618	3682.502	2394.733	4325.619	2047.617	1993.519	5381.476	2314.586	2395.528	2235.409	1843.832	2203.474	3342.814	1753.758	2433.833	3947.875	2198.896	3795.665
102	2794.793	3575.758	2752.978	3634.863	2361.924	4240.076	2020.546	1992.872	5340.876	2323.147	2379.959	2224.619	1818.396	2160.312	3244.859	1739.109	2429.193	3840.913	2207.927	3774.042
103	2805.66	3570.872	2712.81	3616.666	2345.797	4176.784	2003.265	2011.596	5309.381	2352.646	2364.148	2214.718	1801.851	2135.375	3200.373	1732.833	2449.176	3781.922	2211.68	3746.488
104	2835.946	3649.254	2694.484	3632.358	2329.207	4137.974	1994.332	2037.212	5288.097	2395.168	2373.888	2216.029	1797.62	2122.548	3137.389	1727.185	2444.905	3778.947	2203.736	3722.515
105	2872.676	3799.301	2674.689	3659.992	2329.236	4123.24	1990.466	2080.698	5281.244	2443.954	2358.305	2238.581	1797.81	2140.608	3102.984	1716.598	2452.928	3806.722	2202.572	3721.337
106	2911.167	3888.929	2666.213	3688.359	2323.214	4105.383	1986.487	2121.793	5283.845	2490.479	2369.078	2222.245	1799.716	2141.774	3098.918	1719.382	2453.564	3843.325	2196.217	3717.371
107	2950.262	4033.816	2654.972	3701.105	2316.175	4082.759	1974.967	2156.334	5231.344	2544.435	2381.752	2233.633	1804.886	2148.658	3084.12	1712.575	2437.811	3878.099	2182.735	3716.407
108	2946.705	4126.028	2623.771	3658.453	2289.567	4023.959	1965.793	2174.09	5230.393	2551.203	2377.257	2230.164	1795.593	2136.214	3048.93	1704.566	2411.252	3880.221	2161.006	3716.727
109	2898.022	4153.923	2584.967	3610.657	2256.607	3930.12	1942.406	2158.983	5160.845	2547.34	2356.64	2216.963	1787.441	2099.43	3010.657	1699.55	2370.041	3869.596	2131.037	3707.113
110	2872.656	4091.755	2529.165	3524.864	2219.778	3845.341	1910.85	2135.37	5085.827	2526.704	2313.715	2181.745	1769.324	2078.741	2964.359	1699.628	2349.627	3812.988	2102.558	3664.77
111	2803.517	4032.012	2489.327	3432.541	2185.397	3763.677	1882.572	2103.609	5005.731	2503.977	2287.472	2150.938	1742.965	2038.348	2905.353	1675.812	2329.278	3740.18	2056.52	3642.407
112	2742.847	3936.298	2420.935	3364.898	2162.881	3673.74	1841.97	2069.893	4930.237	2455.407	2239.587	2103.832	1703.005	1991.397	2854.288	1659.698	2302.735	3681.757	2023.562	3615.175
113	2691.697	3866.719	2371.195	3294.342	2129.373	3583.504	1826.525	2042.074	4823.611	2440.116	2188.965	2094.551	1674.375	1959.072	2773.08	1655.834	2292.711	3578.641	2001.807	3591.785
114	2637.105	3779.009	2318.571	3235.29	2117.361	3510.998	1787.385	2005.954	4752.925	2400.846	2156.811	2054.795	1648.519	1933.748	2719.687	1658.827	2298.423	3533.767	2003.92	3569.568
115	2638.021	3758.333	2289.262	3203.549	2109.528	3473.539	1772.861	2018.999	4670.422	2398.857	2129.296	2030.155	1629.022	1905.016	2666.504	1651.531	2305.041	3456.85	1995.979	3554.202
116	2681.616	3739.145	2269.809	3203.611	2116.57	3436.135	1764.929	2025.951	4624.528	2409.74	2109.096	2032.747	1606.279	1885.82	2612.052	1653.686	2320.993	3420.287	2014.574	3515.006
117	2739.742	3782.561	2257.856	3234.523	2120.25	3415.855	1765.906	2047.891	4581.118	2435.878	2106.833	2038.453	1609.514	1891.675	2568.421	1662.623	2337.588	3405.239	2019.41	3522.96
118	2813.319	3879.348	2262.109	3243.443	2125.08	3408.252	1760.017	2068.201	4538.149	2454.604	2100.926	2041.013	1602.052	1906.765	2540.992	1661.703	2365.022	3410.919	2029.588	3510.612
119	2891.185	3970.119	2264.627	3281.495	2118.339	3397.693	1761.829	2105.261	4521.351	2505.383	2104.799	2044.33	1600.104	1916.815	2500.961	1663.4	2372.689	3419.725	2033.949	3500.232
120	2951.037	4061.987	2268.366	3274.513	2115.361	3374.006	1764.592	2125.819	4485.386	2504.835	2110.604	2069.154	1609.49	1928.233	2493.508	1669.11	2363.659	3412.23	2024.233	3488.918
121	2977.774	4122.972	2256.679	3258.543	2102.205	3341.96	1759.427	2140.234	4400.579	2522.469	2107.482	2066.774	1606.729	1928.367	2455.028	1669.727	2359.454	3394.43	2015.377	3494.371
122	2978.315	4154.018	2240.06	3202.855	2088.562	3291.635	1754.817	2130.819	4326.003	2492.641	2092.779	2058.338	1582.244	1925.742	2407.924	1665.105	2332.843	3386.309	1992.548	3492.789
123	2968.177	4114.97	2219.87	3138.732	2053.305	3217.49	1734.397	2112.609	4261.216	2471.363	2081.239	2050.17	1572.773	1908.199	2349.495	1657.572	2298.514	3355.047	1970.994	3486.474
124	2925.016	4038.363	2190.83	3076.643	2037.429	3168.318	1723.647	2093.878	4163.002	2433.934	2046.355	2029.915	1561.656	1884.084	2320.625	1657.907	2283.714	3300.344	1937.818	3480.075
125	2914.04	3986.347	2154.538	3015.418	2008.164	3105.148	1701.206	2063.362	4070.806	2387.683	2013.803	2007.934	1545.801	1859.318	2260.698	1646.509	2253.355	3261.961	1908.414	3492.14
126	2861.937	3905.773	2116.764	2937.499	2001.272	3050.083	1672.454	2043.172	3985.201	2347.865	1981.692	1979.528	1527.422	1828.846	2211.014	1641.097	2227.3	3214.265	1870.313	3467.865
127	2805.893	3837.766	2091.986	2896.235	1987.754	3000.117	1654.6	2035.016	3894.635	2300.863	1950.177	1944.468	1507.728	1813.078	2146.711	1631.317	2216.62	3175.535	1867.35	3463.208
128	2802.759	3768.031	2070.894	2872.061	1994.529	2952.443	1655.771	2040.323	3841.818	2286.017	1937.516	1924.303	1487.874	1787.679	2089.238	1636.047	2235.041	3131.947	1878.521	3451.276
129	2789.97	3749.744	2048.102	2877.242	1990.192	2919.592	1646.712	2048.794	3743.883	2280.754	1919.751	1929.547	1483.525	1791.199	2053.535	1652.051	2262.489	3092.369	1890.056	3443.245