TIME	20170506_W05	20170506_W06 	20170506_W07	20170506_W08	20170512_W06	20170512_W08	20170512_W09	20170526_W04	20170526_W05	20170526_W06	20170530_W06	20170530_W07	20170530_W08	20170603_W07	20170603_W08	20170603_W09	20170603_W10	20170603_W12
0	1113.482	899.873	757.825	908.145	1341.146	1569.421	1336.584	1195.349	1122.889	1212.545	1424.353	1231.411	1256.814	5142.496	4072.671	4975.348	4049.546	4255.375
1	1103.222	894.315	742.305	908.871	1342.122	1584.661	1333.999	1225.486	1156.741	1225.716	1383.559	1239.905	1267.699	5171.497	4111.785	5122.15	4040.139	4335.13
2	1098.469	898.654	739.214	926.321	1339.959	1580.237	1338.468	1237.391	1185.947	1223.76	1375.761	1260.335	1301.692	5200.392	4127.359	5270.295	4046.785	4407.512
3	1080.287	882.773	743.454	928.482	1343.534	1603.051	1338.465	1266.46	1222.61	1230.387	1383.07	1280.791	1360.177	5251.808	4148.559	5466.124	4033.16	4455.824
4	1085.738	891.237	750.284	943.231	1350.492	1621.152	1339.381	1284.158	1257.195	1238.942	1399.24	1292.1	1395.759	5370.973	4166.874	5586.028	4049.032	4518.958
5	1066.746	899.17	775.297	949.23	1360.899	1628.474	1340.696	1317.344	1300.95	1240.136	1422.955	1325.259	1463.664	5569.25	4201.325	5732.796	4045.814	4551.952
6	1072.01	909.941	810.804	951.58	1382.171	1654.833	1345.653	1370.21	1333.976	1235.096	1470.295	1357.07	1519.07	5768.806	4234.143	5837.735	4076.174	4581.049
7	1073.05	926.308	839.684	957.076	1392.873	1672.269	1334.926	1434.304	1371.473	1229.382	1504.096	1386.509	1578.278	6023.721	4294.839	5932.607	4126.972	4586.796
8	1094.227	955.347	902.404	982.366	1403.426	1692.412	1322.85	1501.675	1412.907	1236.209	1559.061	1423.152	1604.371	6207.5	4335.388	6000.244	4189.143	4574.715
9	1110.369	979.2	949.88	986.957	1418.366	1722.75	1321.459	1580.26	1461.306	1243.22	1580.048	1472.859	1644.179	6381.086	4409.203	5993.312	4248.629	4581.82
10	1179.023	1035.09	997.821	1009.979	1420.259	1759.449	1323.896	1652.307	1524.712	1261.593	1590.413	1526.395	1654.969	6440.889	4463.12	6035.916	4341.256	4566.222
11	1247.695	1098.072	1042.566	1051.87	1439.128	1812.454	1354.834	1705.751	1604.672	1266.341	1620.596	1587.057	1666.106	6461.236	4535.013	6016.945	4427.191	4602.058
12	1367.23	1192.304	1067.043	1094.478	1445.955	1860.473	1380.525	1740.333	1701.952	1284.613	1620.829	1643.847	1675.017	6396.496	4606.435	6095.937	4500.349	4633.818
13	1494.24	1318.326	1088.655	1158.016	1468.496	1914.049	1436.709	1759.427	1805.998	1324.319	1612.124	1695.316	1685.885	6305.615	4697.192	6209.911	4565.872	4680.435
14	1635.941	1429.749	1100.96	1245.114	1493.224	1971.278	1517.967	1768.715	1927.292	1379.698	1614.104	1736.368	1691.521	6219.023	4778.336	6361.437	4628.284	4748.917
15	1783.099	1560.835	1108.218	1354.012	1528.737	2016.214	1597.898	1772.783	2040.202	1432.579	1598.359	1770.957	1733.144	6141.251	4903.319	6644.111	4634.239	4798.878
16	1887.851	1645.115	1095.231	1437.741	1573.324	2055.001	1668.087	1775.719	2129.742	1477.54	1617.587	1792.66	1767.759	6111.238	4975.625	6894.638	4673.508	4891.815
17	1968.757	1712.442	1088.006	1539.449	1608.993	2078.222	1723.345	1759.772	2197.1	1528.622	1625.756	1796.31	1798.817	6207.265	5049.275	7140.425	4652.51	4916.383
18	2030.55	1776.416	1087.063	1613.451	1650.789	2127.684	1794.136	1748.033	2259.158	1592.858	1637.857	1804.808	1862.475	6423.066	5130.674	7348.051	4669.489	4967.552
19	2061.899	1824.019	1098.857	1679.232	1690.137	2173.983	1832.432	1784.096	2307.41	1656.162	1666.081	1813.931	1935.101	6761.986	5232.33	7479.879	4660.14	5032.691
20	2085.548	1821.998	1126.06	1732.074	1740.05	2222.433	1862.845	1826.723	2351.311	1711.044	1703.022	1836.118	2007.551	7100.046	5345.02	7604.177	4690.807	5046.077
21	2079.011	1835.693	1159.371	1753.346	1792.877	2280.51	1888.818	1882.145	2369.515	1751.955	1753.325	1886.784	2093.044	7441.763	5496.312	7753.886	4789	5086.059
22	2079.548	1839.695	1196.991	1756.717	1873.774	2329.549	1916.615	1954.851	2411.976	1773.363	1811.367	1981.984	2158.945	7696.174	5623.78	7750.269	4884.354	5088.106
23	2092.169	1834.438	1242.136	1777.025	1921.698	2396.227	1925.829	2039.969	2441.847	1788.601	1849.693	2115.405	2204.278	7846.764	5775.404	7770.178	5018.778	5113.268
24	2138.507	1868.927	1294.483	1788.818	1990.726	2465.754	1962.061	2115.25	2516.871	1812.79	1876.704	2245.887	2228.986	7870.409	5886.464	7746.418	5211.506	5095.904
25	2241.833	1965.417	1332.305	1819.724	2036.832	2549.972	2015.857	2166.894	2618.889	1826.359	1899.022	2374.744	2237.222	7749.173	6012.219	7737.647	5423.812	5161.234
26	2374.579	2106.95	1351.487	1885.219	2067.816	2633.697	2097.356	2202.281	2750.17	1849.299	1896.791	2502.717	2253.259	7609.985	6147.271	7709.141	5568.674	5228.672
27	2530.145	2295.684	1359.893	2010.884	2098.868	2727.942	2221.098	2228.322	2909.086	1884.099	1885.498	2593.075	2269.637	7493.543	6286.439	7766.715	5695.327	5254.205
28	2720.087	2497.275	1365.784	2154.02	2132.754	2816.315	2393.167	2228.657	3076.478	1934.199	1888.678	2640.197	2264.021	7283.589	6400.789	7909.758	5768.917	5337.975
29	2882.051	2690.317	1372.245	2314.644	2190.591	2911.056	2576.843	2216.793	3204.147	2005.63	1873.849	2671.025	2276.573	7119.538	6545.316	8181.944	5797.059	5392.656
30	3044.834	2843.923	1376.649	2494.772	2238.323	2987.474	2776.842	2193.26	3340.875	2094.699	1884.538	2677.926	2281.447	7180.915	6664.114	8372.012	5770.188	5473.056
31	3095.186	2946.052	1376.405	2651.989	2314.9	3050.508	2974.281	2177.05	3443.625	2204.612	1884.883	2683.85	2302.83	7343.278	6771.306	8683.433	5756.81	5520.248
32	3184.718	3050.251	1394.208	2766.623	2393.261	3113.863	3148.329	2176.801	3529.507	2316.651	1934.847	2662.61	2354.793	7727.077	6914.48	9023.87	5742.575	5552.008
33	3146.719	3028.342	1404.317	2811.336	2453.664	3154.623	3270.65	2208.889	3591.116	2390.438	1990.474	2674.704	2404.653	8032.096	6991.418	9280.733	5782.408	5542.01
34	3112.875	3014.328	1443.021	2835.012	2529.413	3205.082	3342.239	2265.497	3588.479	2449.755	2045.368	2708.725	2486.333	8486.446	7122.247	9425.96	5846.535	5573.417
35	3062.689	2967.506	1486.802	2824.971	2576.662	3263.048	3374.925	2348.408	3628.061	2489.73	2104.24	2827.438	2605.251	8806.08	7269.47	9559.624	5970.69	5547.553
36	3039.739	2904.04	1540.58	2805.817	2636.25	3319.949	3377.083	2457.571	3656.717	2521.889	2187.567	2979.777	2715.743	8941.07	7287.866	9604.48	6213.63	5548.996
37	2965.936	2866.959	1615.164	2757.971	2655.837	3391.786	3370.479	2562.411	3698.226	2525.552	2269.267	3179.81	2846.047	9099.619	7397.127	9567.214	6422.426	5542.653
38	2962.134	2860.173	1676.265	2694.3	2676.576	3485.389	3353.554	2668.687	3806.109	2518.648	2301.834	3366.098	2939.305	9029.057	7432.561	9593.189	6649.335	5508.262
39	3019.366	2893.147	1727.741	2698.116	2666.736	3580.006	3367.558	2759.894	3980.261	2525.397	2321.959	3525.68	3016.499	8873.055	7361.368	9484.771	6868.79	5508.792
40	3140.297	3007.646	1776.95	2736.267	2648.699	3675.202	3440.929	2822.834	4198.628	2517.29	2320.142	3619.156	3064.925	8732.174	7362.793	9483.253	7038.582	5527.41
41	3308.96	3181.625	1797.939	2830.099	2649.26	3798.937	3562.802	2859.455	4459.311	2521.911	2324.222	3659.768	3090.998	8543.869	7335.803	9356.475	7099.366	5564.303
42	3542.488	3397.201	1784.209	3024.38	2634.778	3888.666	3726.175	2874.424	4723.894	2557.409	2309.141	3637.441	3105.465	8349.8	7400.363	9426.299	7132.803	5606.879
43	3774.309	3594.647	1790.702	3235.814	2617.837	3987.851	3884.972	2843.7	4949.022	2613.476	2297.21	3591.436	3116.26	8162.78	7396.862	9548.221	7138.826	5672.973
44	3970.758	3788.743	1784.397	3464.706	2600.809	4112.158	4101.928	2837.255	5123.39	2707.972	2296.218	3498.304	3123.574	8235.696	7450.165	9652.086	7034.392	5733.602
45	4114.535	3903.25	1755.255	3634.573	2617.52	4190.087	4301.478	2814.879	5236.896	2806.161	2306.597	3383.1	3108.576	8402.009	7672.691	9966.598	6973.917	5840.768
46	4170.083	3872.025	1764.082	3723.433	2611.408	4253.597	4433.889	2804.656	5303.4	2911.122	2326.539	3291.159	3110.855	8748.457	7963.696	10397.49	6990.263	5877.176
47	4165.378	3874.923	1746.469	3792.993	2648.249	4306.816	4579.999	2811.992	5301.169	3005.652	2355.889	3232.144	3146.393	9106.767	8234.513	10698.257	7046.344	5991.526
48	4070.247	3816.86	1754.686	3724.308	2669.157	4354.119	4644.854	2845.159	5273.537	3073.789	2400.718	3254.246	3184.056	9579.786	8488.75	11033.391	7171.898	6080.28
49	3970.954	3759.886	1769.632	3635.061	2740.797	4396.058	4692.669	2899.353	5240.706	3145.253	2490.048	3358.227	3244.176	10028.183	8744.112	11186.665	7269.534	6189.945
50	3819.838	3601.06	1802.589	3495.582	2778.405	4424.754	4672.426	2990.766	5197.755	3172.826	2565.456	3556.326	3298.943	10318.149	8898.209	11393.287	7472.115	6264.301
51	3648.065	3474.701	1846.959	3356.733	2821.985	4469.046	4626.653	3068.192	5198.373	3177.65	2632.88	3773.318	3311.95	10565.062	8962.056	11427.664	7632.223	6274.14
52	3599.216	3408.894	1909.627	3196.263	2853.871	4505.772	4539.542	3150.617	5238.131	3175.337	2668.523	3988.954	3326.651	10437.663	8942.134	11496.036	7851.005	6274.708
53	3539.673	3354.313	1992.145	3103.213	2879.435	4569.381	4482.623	3228.866	5380.238	3156.73	2703.055	4158.567	3331.669	10358.909	8912.47	11390.372	7986.414	6291.411
54	3549.111	3371.009	2057.005	3043.945	2898.067	4617.082	4454.758	3280.201	5569.922	3136.213	2730.768	4238.796	3322.268	10174.531	8744.207	11139.805	8038.389	6315.029
55	3601.051	3431.488	2079.392	3062.404	2884.679	4670.259	4474.784	3306.501	5809.858	3124.078	2660.956	4240.92	3274.051	9842.11	8581.024	10874.65	8070.888	6261.42
56	3701.531	3551.496	2106.786	3203.589	2857.924	4733.22	4548.769	3318.406	6066.24	3118.278	2623.657	4167.492	3222.914	9528.62	8513.141	10704.914	8140.872	6221.399
57	3791.062	3623.104	2137.739	3348.803	2856.203	4751.439	4602.48	3300.169	6247.539	3129.586	2647.253	4060.803	3165.936	9351.446	8493.478	10414.688	8074.98	6214.856
58	3858.444	3749.079	2095.451	3524.999	2814.826	4794.126	4734.938	3299.715	6404.383	3205.913	2575.396	3913.036	3102.237	9040.841	8464.18	10225.334	8094.05	6244.883
59	3919.033	3853.112	2069.376	3657.628	2791.201	4866.194	4883.238	3284.392	6534.446	3249.244	2534.753	3760.151	3038.332	8890.722	8606.56	10215.287	8163.634	6364.469
60	3937.746	3959.022	2054.327	3748.269	2761.443	4910.469	4964.685	3272.32	6606.436	3315.921	2531.738	3626.198	2978.847	8996.012	8855.097	10232.103	8197.583	6509.191
61	3960.687	3960.267	2004.019	3791.609	2753.166	4961.842	5080.161	3267.229	6600.224	3386.706	2512.675	3524.133	2931.388	9036.579	9254.354	10377.604	8417.829	6737.36
62	3907.864	3928.222	2014.021	3692.011	2752.34	4977.739	5163.216	3286.688	6573.114	3464.351	2516.215	3484.579	2915.227	9353.076	9642.398	10594.667	8601.216	6965.471
63	3900.263	3904.868	2008.674	3634.417	2772.237	4956.214	5209.128	3322.516	6545.079	3529.875	2576.971	3503.569	2903.135	9851.74	10136.764	10925.98	8743.193	7128.854
64	3833.969	3861.273	2024.313	3481.711	2805.667	4956.556	5240.814	3389.895	6500.047	3581.712	2619.612	3611.95	2885.036	10287.217	10235.238	11238.601	8960.844	7319.883
65	3715.512	3767.874	2083.432	3343.543	2841.571	4962.025	5236.757	3478.163	6519.73	3604.473	2691.892	3794.18	2898.947	10834.376	10470.686	11446.533	9098.915	7396.504
66	3626.507	3676.141	2112.71	3180.232	2883.347	5002.601	5285.293	3548.488	6565.865	3621.255	2785.81	4000.386	2906.376	11122.839	10455.143	11725.566	9294.333	7376.263
67	3687.627	3721.707	2229.698	3103.967	2940.499	5003.24	5266.824	3648.162	6709.797	3642.851	2878.534	4200.662	2891.353	11508.297	10486.236	11642.394	9279.163	7381.611
68	3672.057	3700.539	2267.528	3001.887	2977.616	5062.774	5236.286	3707.306	6997.631	3665.095	2980.662	4340.525	2844.645	11509.084	10389.772	11751.418	9452.009	7361.1
69	3679.975	3634.238	2304.347	2941.731	3012.52	5130.259	5196.258	3767.299	7206.874	3659.278	2972.456	4433.819	2810.099	11423.058	10239.261	11584.379	9481.741	7229.584
70	3766.542	3636.81	2342.885	2968.648	3035.715	5201.769	5165.078	3793.477	7442.379	3671.641	2940.033	4439.985	2766.338	11363.188	10054.535	11298.959	9463.724	7217.174
71	3732.626	3594.35	2294.277	3033.593	3049.653	5275.858	5156.286	3801.25	7563.24	3694.396	2944.293	4399.126	2715.11	11050.136	9987.084	11113.167	9435.39	7091.348
72	3773.745	3642.562	2260.746	3138.626	3018.191	5317.092	5107.485	3819.821	7602.047	3736.87	2860.516	4311.856	2653.44	10864.32	9792.831	10773.048	9406.038	7010.308
73	3761.048	3629.723	2217.279	3184.949	2996.892	5332.622	5103.538	3805.049	7554.032	3790.461	2820.465	4139.913	2567.018	10530.804	9746.388	10509.094	9453.832	6963.767
74	3682.973	3631.16	2152.979	3315.049	2991.586	5320.723	5125.718	3782.387	7468.087	3868.545	2743.041	3999.55	2509.287	10196.385	9651.393	10250.929	9563.039	6889.497
75	3633.144	3650.841	2125.002	3371.22	2953.507	5322.436	5135.073	3753.814	7414.259	3949.653	2692.912	3862.293	2446.494	9981.258	9721.464	9999.346	9541.679	6859.613
76	3588.182	3653.673	2109.74	3379.061	2938.014	5330.994	5236.288	3730.246	7320.76	4033.293	2621.477	3703.666	2385.768	9635.577	9657.102	9789.573	9763.894	6933.528
77	3523.778	3725.682	2101.965	3379.83	2895.04	5325.406	5392.67	3735.761	7280.587	4078.135	2598.49	3618.969	2348.207	9418.791	9755.496	9660.213	9955.187	6966.975
78	3528.606	3791.402	2145.05	3292.371	2890.463	5296.245	5529.484	3740.094	7315.351	4164.114	2587.364	3560.361	2321.384	9320.597	9855.892	9491.233	10083.963	7067.139
79	3498.992	3847.606	2210.957	3208.342	2909.567	5296.7	5690.519	3781.325	7445.61	4235.191	2617.249	3593.41	2301.26	9167.625	9987.508	9560.777	10278.633	7105.493
80	3546.506	3853.243	2254.011	3115.974	2911.452	5298.19	5864.895	3837.26	7609.939	4251.524	2645.795	3686.278	2284.643	9256.235	10133.497	9474.606	10409.1	7224.719
81	3583.677	3905.232	2302.781	2993.056	2930.474	5332.608	5993.051	3939.502	7849.423	4303.19	2724.088	3839.257	2288.58	9305.944	10318.784	9599.634	10662.669	7357.023
82	3687.672	3940.668	2357.017	2931.684	2983.092	5395.324	6127.836	4036.423	8087.756	4349.574	2825.512	4041.37	2300.757	9360.781	10357.831	9682.104	10883.204	7438.476
83	3778.365	3979.034	2366.119	2868.796	3009.166	5477.003	6124.901	4181.122	8298.374	4419.199	2937.912	4258.135	2311.38	9473.339	10535.697	9768.139	10995.282	7528.064
84	3929.867	3989.753	2362.61	2834.794	3036.328	5564.423	6125.148	4294.765	8468.271	4458.237	3060.073	4499.263	2305.082	9577.887	10737.61	9935.853	11240.992	7551.495
85	4022.781	3993.611	2339.421	2884.904	3057.651	5665.826	6084.808	4359.274	8551.323	4491.594	3183.189	4705.474	2285.604	9625.242	10704.865	9882.138	11160.615	7624.235
86	4112.577	3917.56	2275.831	2945.094	3057.648	5735.502	6025.411	4411.396	8459.469	4534.335	3128.287	4853.537	2271.795	9584.941	10634.166	9855.835	11267.132	7565.336
87	4147.186	3886.614	2210.673	3001.26	3045.969	5784.001	5957.649	4429.672	8321.142	4566.472	3086.444	4903.166	2235.824	9496.894	10473.065	9670.134	11184.806	7587.578
88	4134.974	3831.184	2146.148	3079.641	3015.521	5756.687	5858.18	4405.433	8083.386	4553.618	3045.889	4913.201	2199.143	9317.744	10365.25	9526.305	11140.583	7501.439
89	4103.223	3743.078	2067.794	3132.801	2975.652	5735.669	5795.424	4341.312	7783.301	4582.875	2979.823	4859.17	2161.303	9166.45	10196.026	9304.092	11019.668	7452.165
90	4017.76	3729.456	2029.889	3173.018	2939.916	5666.469	5780.407	4261.009	7530.44	4568.279	2875.385	4735.149	2120.1	8955.411	10108.649	9098.934	10882.886	7321.431
91	3867.39	3608.517	1961.23	3191.215	2881.258	5585.959	5729.578	4177.493	7340.479	4582.316	2832.49	4610.464	2079.17	8752.103	9925.518	8894.743	10701.731	7175.762
92	3771.219	3572.653	1967.123	3211.565	2822.428	5506.522	5801.519	4091.336	7260.865	4570.982	2721.013	4467.264	2043.889	8566.818	9808.672	8602.065	10521.629	7119.024
93	3664.071	3551.883	1977.955	3232.195	2777.39	5419.288	5894.284	4026.937	7318.246	4580.794	2635.318	4338.757	2004.523	8314.288	9714.169	8428.221	10553.63	7067.171
94	3588.607	3563.823	1988.143	3214.696	2736.822	5364.131	6056.659	3951.709	7463.698	4611.737	2570.611	4219.165	1973.97	8151.844	9689.243	8279.619	10626.963	7046.062
95	3545.077	3575.68	2013.876	3196.82	2705.01	5312.373	6183.355	3929.517	7675.123	4631.822	2550.76	4150.236	1968.298	8019.993	9806.79	8178.609	10732.878	6958.363
96	3539.753	3636.705	2033.229	3187.582	2689.012	5324.059	6336.887	3962.491	7913.995	4643.892	2541.742	4145.608	1973.303	7849.96	9927.883	8172.016	11002.459	6982.327
97	3600.107	3705.881	2054.784	3175.809	2689.522	5339.063	6419.666	4015.536	8145.277	4674.188	2572.781	4177.964	1975.919	7766.182	10124.145	8173.325	11179.495	6994.145
98	3674.338	3725.569	2042.215	3153.078	2665.357	5426.61	6455.891	4104.212	8276.215	4687.497	2609.143	4292.365	2001.541	7708.19	10251.861	8197.476	11396.604	7072.593
99	3768.61	3750.387	2018.882	3125.717	2688.831	5500.869	6499.145	4195.312	8337.867	4675.717	2660.049	4438.588	2029.995	7751.102	10375.867	8218.831	11333.043	7072.705
100	3887.863	3780.856	2016.672	3158.761	2695.793	5633.015	6445.414	4282.791	8278.002	4673.177	2733.823	4604.383	2057.969	7725.371	10362.694	8266.604	11403.929	7083.229
101	3944.611	3771.537	1968.917	3173.812	2712.481	5722.445	6348.906	4351.052	8173.906	4629.148	2780.603	4778.951	2084.311	7797.121	10325.167	8253.204	11194.455	7084.769
102	4015.822	3718.535	1934.126	3238.531	2704.631	5780.516	6261.486	4361.861	7967.252	4579.677	2758.55	4941.733	2080.9	7691.071	10122.371	8192.934	11079.369	7042.463
103	4027.207	3663.726	1895.2	3336.24	2699.983	5830.025	6176.686	4353.796	7691.794	4554.583	2783.937	5041.629	2078.32	7683.514	9979.543	8118.975	10973.958	6944.937
104	4008.757	3573.755	1846.654	3399.545	2678.039	5820.999	6049.485	4283.564	7442.836	4476.333	2726.404	5068.933	2071.076	7631.827	9887.351	8057.729	10681.407	6799.714
105	3968.846	3496.711	1804.32	3421.672	2674.333	5767.964	6005.828	4186.218	7166.944	4410.479	2667.574	5043.059	2044.121	7482.096	9675.66	7966.613	10517.83	6722.888
106	3729.281	3326.755	1746.603	3381.588	2638.793	5680.549	5900.059	4077.677	6950.486	4365.94	2630.181	4970.814	2023.199	7405.253	9469.389	7770.714	10377.577	6621.689
107	3681.521	3279.448	1740.175	3426.835	2603.031	5580.784	5822.131	3955.328	6777.831	4301.857	2569.401	4848.029	2001.692	7289.735	9430.693	7726.521	10163.343	6481.5
108	3527.938	3215.082	1713.321	3404.781	2596.58	5475.403	5800.119	3822.192	6663.516	4238.113	2551.659	4721.041	1981.764	7098.318	9159.938	7560.209	10037.847	6428.246
109	3434.002	3130.287	1710.995	3384.33	2560.438	5342.96	5780.597	3722.915	6642.919	4182.298	2447.003	4545.41	1948.043	6921.159	9064.961	7435.918	9989.401	6355.363
110	3340.398	3077.028	1738.688	3321.59	2536.331	5252.703	5790.935	3616.761	6714.032	4130.232	2379.839	4379.806	1926.19	6813.499	9071.259	7364.014	10026.39	6317.998
111	3247.821	3073.075	1767.483	3273.555	2516.015	5183.363	5819.898	3531.763	6865.422	4123.493	2376.718	4246.221	1918.904	6734.199	9119.641	7252.172	9995.689	6327.703
112	3187.511	3087.609	1785.131	3257.949	2502.772	5135.452	5829.505	3495.683	7022.47	4107.516	2376.255	4187.368	1924.476	6566.011	9101.981	7192.355	10178.49	6376.849
113	3182.419	3140.814	1818.018	3167.015	2489.922	5132.356	5843.193	3471.447	7171.579	4068.407	2354.595	4156.721	1930.758	6558.274	9333.122	7206.435	10247.801	6414.952
114	3205.684	3210.196	1849.78	3175.194	2490.87	5180.712	5828.915	3466.87	7301.507	4053.817	2382.876	4131.926	1945.651	6516.454	9356.146	7150.335	10281.04	6503.746
115	3259.923	3257.181	1849.192	3146.542	2490.904	5255.207	5817.064	3507.137	7368.262	4021.588	2392.354	4177.926	1958.619	6501.749	9481.386	7193.97	10262.211	6560.207
116	3329.671	3266.126	1844.601	3137.418	2484.672	5317.054	5806.485	3526.007	7398.21	3996.211	2409.785	4238.624	1978.337	6490.553	9610.304	7302.621	10386.65	6581.562
117	3368.892	3246.645	1830.407	3120.793	2493.599	5425.117	5743.376	3529.818	7366.274	3958.674	2423.838	4350.504	2014.364	6560.204	9647.979	7312.892	10216.772	6609.256
118	3418.031	3196.971	1816.392	3092.58	2476.963	5490.174	5683.306	3511.781	7242.956	3912.098	2450.709	4439.597	2033.507	6535.799	9587.132	7372.721	10167.715	6605.097
119	3425.535	3168.858	1797.375	3118.974	2481.083	5494.807	5621.422	3466.826	7082.875	3862.385	2446.76	4515.204	2029.23	6608.307	9674.613	7418.771	10027.184	6524.423
120	3415.639	3088.976	1761.201	3077.777	2471.654	5487.332	5558.555	3411.743	6909.199	3800.153	2453.264	4560.212	2040.729	6548.643	9530.631	7376.887	9896.443	6500.258
121	3343.784	3010.958	1732.548	3025.851	2461.776	5460.987	5495.49	3344.258	6691.356	3735.631	2421.91	4578.707	2035.648	6548.019	9451.266	7256.03	9676.335	6481.547
122	3277.014	2888.473	1674.572	2980.511	2447.388	5369.4	5436.18	3253.709	6489.108	3674.149	2388.72	4540.704	2033.989	6546.63	9391.368	7244.354	9578.449	6364.587
123	3198.311	2812.322	1652.665	2921.953	2428.754	5266.799	5329.618	3167.459	6265.293	3631.854	2365.455	4474.898	1997.55	6432.572	9177.619	7182.716	9508.488	6321.328
124	3091.756	2743.746	1632.199	2891.37	2425.944	5147.388	5263.75	3083.054	6112.238	3573.928	2297.479	4369.978	1978.76	6343.944	9027.001	7101.054	9345.187	6258.624
125	2996.4	2664.037	1626.88	2827.328	2408.84	5027.447	5206.063	2986.745	5988.615	3526.263	2219.998	4255.698	1962.536	6320.431	8955.14	7030.794	9233.692	6183.485
126	2903.849	2618.601	1620.725	2749.652	2393.755	4927.146	5143.184	2904.783	5943.09	3485.029	2220.946	4150.677	1932.169	6196.561	8716.214	6912.561	9130.779	6210.019
127	2848.164	2628.26	1637.003	2696.879	2376.084	4834.52	5112.044	2861.432	5921.801	3455.29	2142.91	4003.196	1924.78	6115.026	8552.48	6847.415	9162.416	6179.37
128	2788.133	2604.514	1635.913	2617.926	2360.317	4765.583	5105.157	2813.602	5966.754	3422.004	2126.834	3900.32	1909.895	6038.47	8475.772	6725.643	9050.698	6182.207