TIME	20170615_W02	20170615_W03	20170615_W04	20170615_W06
0	1297.498	1357.15	1417.797	1339.409
1	1283.64	1352.738	1419.307	1350.814
2	1283.62	1352.992	1420.679	1353.639
3	1291.284	1354.039	1431.2	1376.392
4	1276.303	1366.698	1431.805	1386.187
5	1274.062	1390.077	1450.195	1389.558
6	1269.88	1412.396	1468.738	1398.371
7	1268.592	1443.14	1493.555	1401.818
8	1255.716	1454.072	1530.95	1404.904
9	1252.604	1489.008	1595.255	1426.417
10	1239.402	1501.058	1653.482	1460.731
11	1237.785	1514.005	1716.478	1503.851
12	1226.631	1521.011	1770.671	1549.685
13	1228.039	1516.636	1831.016	1602.485
14	1214.038	1500.648	1868.481	1647.209
15	1207.311	1504.137	1904.797	1688.77
16	1214.15	1489.639	1952.276	1719.301
17	1219.736	1494.784	1988.239	1770.164
18	1217.937	1511.316	2004.047	1791.589
19	1215.003	1523.081	2033.277	1808.842
20	1217.679	1552.901	2051.275	1834.989
21	1220.534	1583.487	2101.313	1846.198
22	1216.299	1617.32	2166.303	1852.251
23	1216.577	1648.8	2252.4	1880.22
24	1223.186	1681.281	2350.844	1924.257
25	1216.932	1692.344	2423.986	1982.519
26	1222.336	1693.844	2473.22	2059.992
27	1222.185	1691.835	2503.741	2161.489
28	1223.158	1683.349	2483.704	2232.119
29	1223.177	1696.217	2468.016	2309.699
30	1223.072	1713.375	2448.74	2350.229
31	1233.126	1738.344	2409.38	2372.62
32	1221.413	1758.625	2373.84	2376.869
33	1219.605	1808.323	2369.28	2358.323
34	1221.131	1854.805	2378.682	2332.907
35	1228.566	1933.584	2440.735	2322.876
36	1232.059	1984.618	2516.942	2301.83
37	1247.637	2053.961	2636.515	2301.085
38	1251.132	2098.238	2745.551	2340.829
39	1255.088	2117.376	2848.894	2406.378
40	1287.413	2135.552	2937.119	2510.699
41	1309.537	2137.6	2975.516	2622.635
42	1331.577	2160.362	2994.457	2713.698
43	1346.695	2162.176	2953.286	2803.8
44	1378.089	2148.939	2910.171	2847.538
45	1426.756	2153.523	2842.057	2877.809
46	1470.702	2193.193	2794.832	2872.384
47	1514.861	2230.658	2761.571	2852.723
48	1571.099	2285.451	2763.853	2834.658
49	1644.343	2335.538	2782.141	2811.286
50	1753.435	2407.75	2851.568	2784.053
51	1852.785	2478.44	2932.456	2790.471
52	1995.742	2538.93	3034.079	2821.141
53	2117.703	2608.888	3138.133	2844.555
54	2266.965	2636.996	3209.544	2918.34
55	2398.861	2631.892	3283.39	3003.022
56	2534.313	2668.482	3312.317	3076.365
57	2642.592	2685.245	3326.87	3143.311
58	2726.885	2683.515	3297.748	3197.495
59	2781.294	2721.294	3239.266	3208.334
60	2825.305	2748.973	3189.553	3222.383
61	2855.375	2832.674	3149.733	3246.138
62	2875.378	2902.616	3122.652	3242.665
63	2909.324	2965.459	3132.115	3233.124
64	2903.824	3070.704	3161.789	3241.271
65	2907.473	3182.312	3246.189	3272.478
66	2922.758	3283.478	3318.721	3308.563
67	2922.354	3353.966	3418.587	3332.545
68	2918.406	3432.766	3541.552	3388.077
69	2918.879	3501.329	3646.465	3433.237
70	2916.325	3537.599	3723.892	3479.953
71	2910.774	3579.959	3769.517	3506.159
72	2902.792	3573.328	3794.271	3561.322
73	2888.543	3570.79	3813.296	3560.363
74	2857.031	3544.946	3828.811	3602.431
75	2839.723	3598.954	3803.048	3586.131
76	2832.644	3636.615	3828.261	3606.054
77	2802.198	3742.61	3822.472	3585.327
78	2816.853	3848.684	3853.007	3590.804
79	2834.643	3955.664	3893.662	3607.781
80	2878.664	4079.798	3987.065	3649.082
81	2925.003	4152.417	4080.864	3639.478
82	2954.577	4239.168	4166.088	3674.17
83	3001.897	4249.733	4272.791	3712.197
84	3003.752	4211.389	4310.335	3716.554
85	3004.272	4189	4353.653	3742.355
86	2997.129	4131.637	4331.577	3726.186
87	2968.286	4099.747	4311.104	3751.926
88	2940.984	4072.994	4295.462	3738.919
89	2901.271	4056.755	4254.454	3715.495
90	2850.11	4066.743	4261.452	3721.45
91	2822.41	4098.928	4261.653	3727.425
92	2797.233	4177.67	4267.173	3704.852
93	2776.104	4261.676	4277.316	3712.735
94	2780.545	4323.985	4311.672	3717.134
95	2820.099	4364.163	4322.984	3725.683
96	2855.823	4374.501	4338.61	3715.951
97	2895.375	4345.176	4338.562	3713.204
98	2929.797	4288.2	4319.188	3700.593
99	2948.803	4237.557	4262.135	3661.359
100	2945.436	4181.554	4198.728	3640.194
101	2930.669	4130.617	4139.888	3605.265
102	2926.672	4093.355	4110.852	3576.137
103	2908.672	4068.901	4091.134	3565.022
104	2878.673	4081.365	4074.334	3553.952
105	2846.217	4076.177	4050.004	3533.495
106	2821.385	4121.889	4042.368	3515.269
107	2809.222	4161.324	4030.795	3522.479
108	2810.837	4213.559	4046.325	3526.821
109	2797.658	4227.571	3994.055	3489.188
110	2790.809	4230.321	3949.604	3490.225
111	2804.397	4200.948	3890.769	3447.563
112	2816.794	4129.602	3819.596	3419.656
113	2839.541	4094.556	3769.762	3418.175
114	2860.018	4058.148	3712.623	3381.59
115	2868.769	4024.084	3658.706	3375.306
116	2884.637	4008.525	3613.464	3360.868
117	2886.096	3989.112	3578.156	3331.077
118	2874.393	4023.956	3544.792	3312.397
119	2868.074	4035.796	3529.108	3325.155
120	2834.176	4035.343	3519.046	3298.617
121	2828.407	4071.191	3512.121	3293.874
122	2811.236	4070.366	3488.238	3284.866
123	2789.691	4065.161	3457.792	3288.803
124	2783.416	4054.316	3436.039	3283.899
125	2766.349	4051.498	3405.841	3293.086
126	2735.895	4042.372	3360.526	3289.638
127	2728.443	4035.721	3311.176	3290.768
128	2717.226	4028.885	3282.095	3260.193
129	2710.293	4022.288	3246.012	3266.502
130	2686.495	4031.628	3223.098	3258.552